C,Data,PDez,SDz,TDz,QDez,QiDez,SxDez,NGan,UF,Rateio
1,11/03/96,41, 5, 4,52,30,33,0,,
2,18/03/96, 9,39,37,49,43,41,1,PR,2.307.162
3,25/03/96,36,30,10,11,29,47,2,RN,391.192
4,01/04/96, 6,59,42,27,1,5,0,,0
5,08/04/96,1,19,46, 6,16,2,0,,0
6,15/04/96,19,40,7,13,22,47,0,,0
7,22/04/96,56,38,21,20,3,5,0,,0
8,29/04/96,53,17,38, 4,47,37,0,,0
9,06/05/96,55,43,56,54,8,60,0,,0
10,13/05/96,25,4,18,57,21,38,0,,0
11,20/05/96,25,15,58,37,59,38,1,RJ,15.591.365
12,27/05/96,20,27,43,16,19,4,0,,0
13,03/06/96,47,32,50,54,18,56,0,,0
14,10/06/96,16,2,27,47,23,53,0,,0
15,17/06/96,60,12,33,52,35,51,0,,0
16,24/06/96,60,58,49,32,20,34,0,,0
17,01/07/96,10,20, 6,19,51,13,1,SP,6.789.869
18,08/07/96,37,36,56,27,42,23,0,,0
19,15/07/96, 5,25,12,10,60,24,0,,0
20,22/07/96,25,28,30,33,51,11,0,,0
21,29/07/96,49,46,6,53,33,36,0,,0
22,05/08/96,9,38,56, 1,31,46,0,,0
23,12/08/96,17,52,51,59,39,37,0,,0
24,19/08/96,1, 8,14,28,33,43,1,,18.661.679
25,25/08/96,56,50,55,54,24,43,0,,0
26,01/09/96,50,53,57,10,58,22,0,,0
27,08/09/96,44,33,13,51,17,20,0,,0
28,15/09/96,60, 6,22, 3,24,54,0,,0
29,22/09/96,14,56,58, 8,43,3,1,RS,5.401.793
30,29/09/96,38,50,7,29,15,14,0,,0
31,06/10/96,56,19,28,48,17,45,0,,0
32,13/10/96,43,33,14,36,5,44,0,,0
33,20/10/96,5,33,49,17,42,39,1,MG,13.997.410
34,27/10/96,15,13,57,53,40,17,0,,0
35,03/11/96,21,57,16,23,54,4,0,,0
36,10/11/96,13, 3,51,17,29,25,0,,0
37,17/11/96,22,6,7,52,38,60,0,,0
38,24/11/96,55,42,10,43,45,54,0,,0
39,01/12/96,16,37,45,52,56,12,0,,0
40,08/12/96,3,12,46,5,47,8,0,,0
41,15/12/96,38,26,35,39,12,47,1,BA,17.019.238
42,22/12/96,24,36,19,33,7,11,0,,0
43,29/12/96,2,58,25,6,26,17,0,,0
44,05/01/97,47,38,18,14,29,44,0,,0
45,12/01/97,30,7,37,55,44,53,0,,0
46,19/01/97,32,46,1,60,24,23,0,,0
47,26/01/97,35,17,3,48,25,56,0,,0
48,02/02/97,47,5,34,28,2,50,0,,0
49,09/02/97,33,7,43,35,13,55,1,RJ,8.405.156
50,16/02/97,57,44,21,16,58,6,0,,0
51,23/02/97,23,24,42,25,17,47,0,,0
52,02/03/97,58,15,59,30,38,46,0,,0
53,09/03/97,42,13,3,46,38,16,0,,0
54,16/03/97,5,21,9,56,18,36,2,BA,7.469.653
55,23/03/97,29,2,14,38,23,52,0,,0
56,30/03/97,51,35,59,7,20,2,0,,0
57,06/04/97,27,17,16,34,7,59,0,,0
58,13/04/97,30,49,27,37,12,44,1,SP,3.631.304
59,20/04/97,28,13,34,2,8,54,0,,0
60,27/04/97,38,14,21,15,3,20,0,,0
61,04/05/97,59,8,18,29,42,44,0,,0
62,11/05/97,52,13,6,24,8,31,0,,0
63,18/05/97,26,9,41,49,25,40,1,MG,13.680.019
64,25/05/97,8,54,50,60,23,12,0,,0
65,01/06/97,20,1,5,32,25,34,0,,0
66,08/06/97,15,26,12,33,48,13,0,,0
67,15/06/97,47,14,27,52,17,12,0,,0
68,22/06/97,53,13,3,1,12,59,0,,0
69,29/06/97,56,58,34,53,25,45,0,,0
70,06/07/97,40,17,23,43,27,58,0,,0
71,13/07/97,53,16,45,43,33,27,0,,0
72,20/07/97,19,48,43,1,34,44,0,,0
73,27/07/97,57,25,45,28,51,26,1,BA,21.026.575
74,03/08/97,2,24,34,50,38,37,0,,0
75,10/08/97,36,49,37,35,24,21,0,,0
76,17/08/97,33,18,23,8,17,53,0,,0
77,24/08/97,29,54,40,57,49,21,0,,0
78,31/08/97,22,32,46,12,25,31,0,,0
79,07/09/97,43,25,2,13,31,17,1,RS,6.770.601
80,14/09/97,51,40,37,23,48,28,0,,0
81,21/09/97,47,41,10,60,54,23,0,,0
82,28/09/97,51,36,53,29,18,15,1,BA,13.877.826
83,05/10/97,24,16,4,42,57,15,0,,0
84,12/10/97,10,34,4,6,25,40,0,,0
85,19/10/97,47,15,30,37,45,6,0,,0
86,26/10/97,54,21,6,34,36,22,0,,0
87,02/11/97,40,4,28,32,11,5,0,,0
88,09/11/97,45,37,29,4,43,18,0,,0
89,16/11/97,59,42,34,13,44,55,0,,0
90,23/11/97,21,26,40,54,9,52,1,RJ,15.764.300
91,30/11/97,60,4,10,35,39,2,0,,0
92,07/12/97,5,23,51,3,1,24,0,,0
93,14/12/97,22,53,31,28,2,36,0,,0
94,21/12/97,28,51,55,18,52,8,0,,0
95,28/12/97,46,60,6,40,50,45,0,,0
96,04/01/98,4,42,58,26,7,40,1,,5.218.562
97,11/01/98,56,53,11,14,5,35,1,,727.932
98,18/01/98,43,33,14,31,35,13,0,,0
99,25/01/98,30,33,24,11,46,60,0,,0
100,01/02/98,46,48,30,14,29,51,0,,0
101,08/02/98,39,1,37,31,29,18,0,,0
102,15/02/98,44,42,37,56,19,20,1,,11.336.626
103,22/02/98,9,1,57,7,54,49,1,,696.984
104,01/03/98,13,1,38,21,52,4,0,,0
105,08/03/98,3,13,31,43,46,49,0,,0
106,15/03/98,24,16,38,5,39,35,0,,0
107,22/03/98,2,24,52,4,16,51,0,,0
108,29/03/98,60,29,34,24,21,59,0,,0
109,04/04/98,54,13,44,49,48,1,0,,0
110,11/04/98,57,58,18,31,43,52,0,,0
111,18/04/98,52,32,4,33,25,22,0,,0
112,25/04/98,37,43,34,20,12,42,1,,15.802.579
113,02/05/98,34,54,26,28,55,7,0,,0
114,09/05/98,47,54,18,6,12,37,0,,0
115,16/05/98,6,14,24,20,4,38,0,,0
116,23/05/98,36,42,32,5,13,51,0,,0
117,30/05/98,53,42,27,20,33,25,0,,0
118,06/06/98,22,57,37,9,25,56,0,,0
119,13/06/98,47,21,1,50,36,38,0,,0
120,20/06/98,46,45,16,40,27,3,0,,0
121,27/06/98,53,41,44,2,29,55,0,,0
122,04/07/98,20,43,39,11,53,17,0,,0
123,11/07/98,13,42,16,32,14,26,0,,0
124,18/07/98,52,5,34,57,15,41,1,,24.536.288
125,25/07/98,56,47,25,59,53,41,0,,0
126,01/08/98,32,28,6,10,11,40,0,,0
127,08/08/98,59,21,51,54,29,50,0,,0
128,15/08/98,23,43,3,21,9,18,0,,0
129,22/08/98,46,54,10,9,1,32,0,,0
130,29/08/98,13,42,38,49,53,29,0,,0
131,05/09/98,30,9,17,27,4,44,0,,0
132,12/09/98,44,35,50,41,9,7,0,,0
133,19/09/98,19,57,6,39,34,5,1,,30.533.241
134,26/09/98,60,32,25,36,52,4,0,,0
135,03/10/98,35,40,21,59,53,22,0,,0
136,10/10/98,17,25,45,38,1,59,0,,0
137,17/10/98,26,15,16,22,19,49,0,,0
138,24/10/98,41,14,37,5,40,27,0,,0
139,31/10/98,26,27,13,42,41,3,2,,3.902.486
140,07/11/98,55,31,46,44,41,7,0,,0
141,14/11/98,10,22,42,13,41,58,0,,0
142,21/11/98,20,59,19,54,15,8,0,,0
143,28/11/98,40,18,6,20,50,53,0,,0
144,05/12/98,8,32,44,36,45,55,1,,33.597.755
145,12/12/98,43,15,41,51,16,31,0,,0
146,19/12/98,51,34,25,60,42,32,0,,0
147,24/12/98,24,6,38,23,28,16,1,,3.805.750
148,31/12/98,32,55,59,41,58,35,0,,0
149,09/01/99,11,45,48,7,28,20,0,,0
150,16/01/99,50,44,12,55,52,54,0,,0
151,23/01/99,3,43,16,56,52,20,1,,24.091.811
152,30/01/99,12,5,15,51,58,29,0,,0
153,06/02/99,47,2,31,42,45,30,0,,0
154,13/02/99,8,10,24,33,45,48,0,,0
155,20/02/99,12,32,44,43,35,30,1,,4.988.808
156,27/02/99,52,23,42,17,55,49,0,,0
157,06/03/99,17,13,4,44,41,21,1,,2.140.030
158,13/03/99,58,43,51,14,17,4,0,,0
159,20/03/99,16,9,50,58,11,35,1,PR,2.038.170
160,27/03/99,13,42,52,58,2,54,0,,0
161,03/04/99,25,37,30,39,6,41,0,,0
162,10/04/99,23,33,51,38,48,21,0,,0
163,17/04/99,41,56,27,36,53,8,2,,8.975.833
164,24/04/99,4,19,14,10,44,28,0,,0
165,01/05/99,39,56,19,23,10,35,2,,1.044.444
166,08/05/99,60,57,59,13,12,22,0,,0
167,15/05/99,1,38,48,28,11,33,1,,2.100.980
168,22/05/99,45,2,35,9,50,31,0,,0
169,29/05/99,52,51,37,13,21,1,0,,0
170,05/06/99,7,51,55,41,58,46,0,,0
171,12/06/99,54,27,4,43,40,46,1,,16.052.410
172,19/06/99,49,36,14,26,35,10,0,,0
173,26/06/99,29,28,49,17,42,50,1,,2.148.316
174,03/07/99,11,52,22,23,36,59,0,,0
175,10/07/99,10,20,13,1,42,50,0,,0
176,17/07/99,28,4,1,45,53,3,0,,0
177,24/07/99,35,22,39,41,59,38,0,,0
178,31/07/99,5,27,19,26,15,33,1,,6.129.539
179,07/08/99,6,53,5,26,27,23,0,,0
180,14/08/99,39,6,29,60,51,23,0,,0
181,21/08/99,33,1,55,35,51,27,0,,0
182,28/08/99,46,60,5,10,28,3,0,,0
183,04/09/99,16,11,7,40,44,2,0,,0
184,11/09/99,9,60,21,16,41,34,0,,0
185,18/09/99,59,17,22,46,43,55,0,,0
186,25/09/99,24,26,51,25,14,23,0,,0
187,02/10/99,6,44,58,41,36,48,0,,0
188,10/10/99,34,42,43,46,27,17,1,,64.905.517
189,16/10/99,41,53,38,4,31,15,0,,0
190,24/10/99,32,40,42,21,10,5,0,,0
191,31/10/99,58,5,41,3,1,23,1,,50.968.412
192,06/11/99,1,60,26,41,28,54,0,,0
193,13/11/99,12,4,11,49,43,19,0,,0
194,20/11/99,32,42,43,25,28,33,0,,0
195,27/11/99,17,3,44,37,9,32,1,AM,6.370.250
196,04/12/99,32,17,9,14,24,7,0,,0
197,11/12/99,19,52,29,15,12,5,0,,0
198,18/12/99,40,23,1,18,35,8,0,,0
199,24/12/99,52,37,57,16,10,50,1,SP,4.915.593
200,31/12/99,12,15,44,34,51,19,2,,8.829.389
201,08/01/00,55,22,5,30,35,20,1,RN,1.038.373
202,15/01/00,49,53,44,12,24,45,0,,0
203,22/01/00,11,55,44,19,29,47,0,,0
204,29/01/00,31,41,51,39,58,29,0,,0
205,05/02/00,26,32,54,43,46,40,1,RJ,4.490.339
206,12/02/00,20,26,56,18,34,51,0,,0
207,19/02/00,19,7,3,55,24,53,0,,0
208,26/02/00,23,15,57,24,47,25,0,,0
209,04/03/00,13,52,32,41,21,26,0,,0
210,11/03/00,37,58,20,38,48,32,0,,0
211,18/03/00,10,20,40,45,50,33,0,,0
212,25/03/00,29,57,15,45,59,6,0,,0
213,01/04/00,3,30,9,35,23,32,3,PR,7.089.194
214,08/04/00,30,12,6,50,35,31,0,,0
215,15/04/00,7,58,28,53,37,46,0,,0
216,22/04/00,35,42,59,18,30,14,4,BA,801.057
217,29/04/00,27,32,3,51,49,45,0,,0
218,06/05/00,54,40,42,17,47,12,1,PR,1.878.255
219,13/05/00,26,23,49,28,42,36,0,,0
220,20/05/00,36,53,55,13,60,14,1,SP,12.636.751
221,27/05/00,54,13,58,43,50,27,0,,0
222,03/06/00,5,48,30,55,52,19,0,,0
223,10/06/00,28,24,22,2,58,6,0,,0
224,17/06/00,20,16,18,7,44,21,0,,0
225,24/06/00,21,16,4,37,2,58,0,,0
226,01/07/00,2,50,59,38,49,1,1,SP,6.916.920
227,08/07/00,37,26,27,42,11,48,0,,0
228,15/07/00,16,40,45,59,43,13,0,,0
229,22/07/00,39,45,11,21,33,13,1,AM,2.992.781
230,29/07/00,56,44,41,40,8,53,0,,0
231,05/08/00,16,59,27,42,44,36,0,,0
232,12/08/00,29,19,41,22,37,59,0,,0
233,19/08/00,45,3,24,36,7,32,5,DF,3.196.547
234,26/08/00,15,45,54,25,42,41,0,,0
235,02/09/00,29,41,55,2,31,22,0,,0
236,09/09/00,10,52,50,57,25,60,0,,0
237,16/09/00,36,7,45,31,56,57,0,,0
238,23/09/00,15,9,41,13,37,42,4,BA,1.429.476
239,30/09/00,33,21,44,46,47,6,1,BA,866.183
240,07/10/00,59,28,25,41,57,38,0,,0
241,14/10/00,11,57,40,35,56,31,0,,0
242,21/10/00,22,7,4,21,28,56,0,,0
243,28/10/00,20,47,23,32,16,11,0,,0
244,04/11/00,19,60,50,24,47,33,0,,0
245,11/11/00,44,51,27,53,8,60,3,GO,9.153.484
246,18/11/00,2,57,32,43,16,37,0,,0
247,25/11/00,34,3,30,10,23,46,0,,0
248,02/12/00,56,16,34,41,35,32,0,,0
249,09/12/00,21,55,54,40,36,49,0,,0
250,16/12/00,55,25,41,42,43,7,0,,0
251,23/12/00,34,15,23,55,49,30,0,,0
252,30/12/00,17,54,4,51,32,26,2,DF,15.107.002
253,06/01/01,12,11,56,44,24,37,0,,0
254,13/01/01,4,30,56,21,22,1,0,,0
255,20/01/01,32,44,55,19,20,16,0,,0
256,27/01/01,21,52,34,26,2,32,0,,0
257,03/02/01,28,5,1,34,4,19,1,RJ,6.808.483
258,10/02/01,12,60,54,7,55,50,0,,0
259,17/02/01,20,43,33,13,15,58,0,,0
260,24/02/01,43,4,60,59,6,33,0,,0
261,03/03/01,5,54,20,56,30,16,0,,0
262,10/03/01,53,60,48,20,58,11,0,,0
263,17/03/01,8,50,26,9,53,43,0,,0
264,24/03/01,5,25,31,13,1,33,2,CE,16.055.880
265,31/03/01,7,50,53,16,41,34,0,,0
266,07/04/01,38,54,48,23,2,46,0,,0
267,14/04/01,58,1,45,55,8,46,0,,0
268,21/04/01,21,10,47,6,5,33,0,,0
269,28/04/01,19,18,52,25,17,49,0,,0
270,05/05/01,45,27,35,40,5,9,1,SP,25.186.260
271,12/05/01,14,31,54,29,26,24,0,,0
272,19/05/01,36,58,9,10,56,24,0,,0
273,26/05/01,47,52,10,27,23,17,1,PE,3.456.480
274,02/06/01,11,39,47,18,13,26,0,,0
275,09/06/01,16,30,19,38,48,37,0,,0
276,16/06/01,53,59,39,45,22,57,0,,0
277,23/06/01,40,26,38,4,56,52,0,,0
278,30/06/01,22,10,18,55,15,31,0,,0
279,07/07/01,31,59,4,58,23,47,0,,0
280,14/07/01,5,16,30,25,58,20,0,,0
281,21/07/01,11,5,47,31,53,38,1,PR,22.414.093
282,28/07/01,33,24,36,9,14,23,1,RJ,958.878
283,01/08/01,48,34,28,54,25,42,1,SP,367.173
284,04/08/01,8,36,14,32,30,7,1,PR,901.884
285,08/08/01,50,56,41,12,32,37,0,,0
286,11/08/01,44,37,56,29,47,35,0,,0
287,15/08/01,60,47,3,33,25,13,1,TO,1.931.474
288,18/08/01,50,9,18,11,6,17,0,,0
289,22/08/01,36,6,30,20,7,25,0,,0
290,25/08/01,57,30,7,25,40,26,0,,0
291,29/08/01,22,16,5,41,18,17,0,,0
292,01/09/01,24,34,53,45,23,13,0,,0
293,05/09/01,6,12,35,5,28,7,0,,0
294,08/09/01,28,45,41,22,57,25,2,PR,7.696.680
295,12/09/01,24,44,7,31,12,50,0,,0
296,15/09/01,20,51,42,3,52,46,0,,0
297,19/09/01,20,28,41,1,33,36,0,,0
298,22/09/01,22,34,24,23,5,60,1,PR,2.994.572
299,26/09/01,7,5,2,53,33,49,0,,0
300,29/09/01,27,57,41,38,28,24,0,,0
301,03/10/01,58,26,49,57,48,9,0,,0
302,06/10/01,25,40,12,60,30,41,0,,0
303,10/10/01,7,13,30,37,47,17,1,MS,12.257.748
304,13/10/01,42,7,11,34,59,41,0,,0
305,17/10/01,11,5,27,60,38,53,0,,0
306,20/10/01,30,19,57,41,56,47,0,,0
307,24/10/01,26,17,13,41,16,44,0,,0
308,27/10/01,55,25,4,11,29,39,1,RS,4.138.172
309,31/10/01,39,50,25,55,11,4,1,RS,442.899
310,03/11/01,28,14,29,2,31,32,0,,0
311,07/11/01,32,22,24,41,30,38,0,,0
312,10/11/01,14,30,50,41,47,23,0,,0
313,14/11/01,14,38,53,24,16,37,0,,0
314,17/11/01,5,32,40,58,37,34,0,,0
315,21/11/01,50,21,43,12,28,22,1,PR,13.675.105
316,24/11/01,28,51,56,6,24,43,0,,0
317,28/11/01,27,20,48,16,30,35,0,,0
318,01/12/01,19,53,40,3,31,20,1,SP,2.227.008
319,05/12/01,12,16,23,17,19,48,0,,0
320,08/12/01,20,53,47,50,22,27,0,,0
321,12/12/01,11,31,32,48,49,4,0,,0
322,15/12/01,18,11,29,44,47,56,0,,0
323,19/12/01,31,49,54,33,26,40,0,,0
324,22/12/01,22,8,30,15,47,25,0,,0
325,29/12/01,4,23,3,1,21,53,2,AM,8.743.877
326,05/01/02,52,23,40,51,44,21,0,,0
327,09/01/02,46,38,29,33,32,48,0,,0
328,12/01/02,51,5,23,7,14,21,1,SP,2.721.357
329,16/01/02,24,11,40,12,35,10,0,,0
330,19/01/02,2,4,23,37,14,51,0,,0
331,23/01/02,27,1,35,20,37,13,0,,0
332,26/01/02,28,23,42,29,44,34,0,,0
333,30/01/02,35,27,53,44,52,4,0,,0
334,02/02/02,41,26,51,14,24,23,2,SP,8.729.392
335,06/02/02,43,33,57,23,59,7,0,,0
336,09/02/02,2,18,54,22,30,26,0,,0
337,16/02/02,31,52,14,54,16,4,0,,0
338,20/02/02,48,46,9,1,36,4,0,,0
339,23/02/02,13,16,12,5,27,50,0,,0
340,27/02/02,10,60,42,9,33,12,0,,0
341,02/03/02,56,23,22,43,16,5,0,,0
342,06/03/02,29,49,54,51,16,34,0,,0
343,09/03/02,4,6,7,24,12,41,2,PR,9.937.283
344,13/03/02,33,36,12,35,10,14,0,,0
345,16/03/02,56,11,58,46,51,22,1,SP,1.447.870
346,20/03/02,56,7,46,60,41,12,0,,0
347,23/03/02,26,10,52,1,12,48,0,,0
348,27/03/02,39,40,33,52,19,30,0,,0
349,30/03/02,9,38,32,8,54,28,0,,0
350,03/04/02,23,30,43,10,15,57,0,,0
351,06/04/02,15,16,59,60,24,41,0,,0
352,10/04/02,49,7,47,25,20,44,0,,0
353,13/04/02,60,46,30,55,23,19,0,,0
354,17/04/02,40,52,38,16,7,41,1,SP,18.680.098
355,20/04/02,2,37,22,60,14,23,0,,0
356,24/04/02,54,19,5,58,56,21,0,,0
357,27/04/02,45,53,32,2,30,35,0,,0
358,04/05/02,40,42,32,12,21,17,0,,0
359,08/05/02,31,54,20,29,13,19,0,,0
360,11/05/02,47,24,29,55,53,23,0,,0
361,15/05/02,41,28,45,31,16,59,0,,0
362,18/05/02,37,20,33,46,7,56,1,RJ,18.399.160
363,22/05/02,39,54,29,49,47,19,0,,0
364,25/05/02,59,44,29,5,51,57,1,SC,1.307.293
365,29/05/02,52,19,34,37,58,23,1,MG,462.752
366,01/06/02,6,4,51,7,21,15,0,,0
367,05/06/02,52,49,27,33,12,10,1,BA,1.150.498
368,08/06/02,13,50,38,32,44,29,0,,0
369,12/06/02,21,42,1,60,35,14,1,CE,1.221.738
370,15/06/02,51,42,4,54,1,40,0,,0
371,19/06/02,23,33,39,4,60,18,0,,0
372,22/06/02,24,17,46,57,16,39,2,SP,4.792.658
373,26/06/02,31,33,24,10,5,1,0,,0
374,29/06/02,54,2,26,5,44,16,0,,0
375,03/07/02,51,9,42,5,58,1,0,,0
376,06/07/02,25,13,10,43,35,48,0,,0
377,10/07/02,46,19,3,45,12,27,0,,0
378,13/07/02,55,45,48,41,5,38,0,,0
379,17/07/02,41,55,24,59,33,40,0,,0
380,20/07/02,47,22,13,30,31,57,0,,0
381,24/07/02,9,56,46,28,10,55,0,,0
382,27/07/02,54,38,53,31,37,34,0,,0
383,31/07/02,48,22,53,56,50,14,0,,0
384,03/08/02,28,50,47,24,40,52,0,,0
385,07/08/02,22,12,24,18,5,16,2,DF,12.952.192
386,10/08/02,39,54,43,36,17,35,0,,0
387,14/08/02,29,28,48,47,43,22,0,,0
388,17/08/02,52,48,53,58,23,36,0,,0
389,21/08/02,46,14,54,18,43,5,0,,0
390,24/08/02,7,22,34,12,38,53,1,SC,17.611.429
391,28/08/02,7,15,35,16,40,4,0,,0
392,31/08/02,49,47,39,31,15,23,1,SP,1.410.917
393,04/09/02,12,50,36,6,35,40,0,,0
394,07/09/02,15,49,42,5,45,35,0,,0
395,11/09/02,11,58,31,14,10,20,1,DF,1.843.709
396,14/09/02,47,18,6,45,34,42,0,,0
397,18/09/02,32,24,2,5,1,46,0,,0
398,21/09/02,28,7,16,37,36,22,1,CE,2.221.289
399,25/09/02,59,55,16,27,47,11,0,,0
400,28/09/02,29,59,13,10,54,28,0,,0
401,02/10/02,50,18,44,53,11,43,0,,0
402,05/10/02,27,43,58,5,16,56,0,,0
403,09/10/02,46,31,7,16,60,27,0,,0
404,12/10/02,24,38,58,1,40,28,0,,0
405,16/10/02,57,60,34,24,29,47,0,,0
406,19/10/02,47,32,48,12,38,2,0,,0
407,23/10/02,49,2,18,51,22,57,0,,0
408,26/10/02,49,44,33,28,56,14,1,RJ,18.948.827
409,30/10/02,26,49,25,18,31,34,0,,0
410,02/11/02,31,55,36,24,8,38,0,,0
411,06/11/02,10,56,12,31,45,38,0,,0
412,09/11/02,45,5,14,21,59,12,0,,0
413,13/11/02,35,53,29,33,2,4,0,,0
414,16/11/02,35,26,58,52,45,16,1,MS,17.428.452
415,20/11/02,38,44,4,1,27,42,0,,0
416,23/11/02,13,1,23,56,54,33,0,,0
417,27/11/02,25,7,12,21,42,34,0,,0
418,30/11/02,45,8,32,49,15,52,2,ES,1.558.712
419,04/12/02,41,42,52,53,16,9,0,,0
420,07/12/02,43,12,59,30,57,29,0,,0
421,11/12/02,38,45,35,37,5,51,0,,0
422,14/12/02,60,12,56,37,55,43,0,,0
423,18/12/02,8,22,33,40,32,53,0,,0
424,21/12/02,29,36,27,18,59,46,0,,0
425,28/12/02,6,16,10,34,47,42,1,DF,18.979.599
426,04/01/03,7,32,54,50,30,37,0,,0
427,08/01/03,51,13,43,24,3,14,0,,0
428,11/01/03,60,8,32,28,46,30,0,,0
429,15/01/03,55,32,17,36,26,43,0,,0
430,18/01/03,50,21,10,25,38,8,1,PR,14.410.708
431,22/01/03,58,26,40,37,47,52,0,,0
432,25/01/03,50,17,13,27,4,39,0,,0
433,29/01/03,36,17,28,16,54,30,0,,0
434,01/02/03,24,17,4,54,30,10,0,,0
435,05/02/03,37,11,17,31,43,10,0,,0
436,08/02/03,1,6,57,29,48,7,0,,0
437,12/02/03,54,10,59,44,30,7,0,,0
438,15/02/03,38,48,14,3,11,5,0,,0
439,19/02/03,42,13,20,29,43,57,0,,0
440,22/02/03,46,23,30,47,5,3,0,,0
441,26/02/03,2,15,58,10,59,21,0,,0
442,01/03/03,15,31,23,6,59,37,1,SP,19.946.601
443,08/03/03,11,36,17,26,52,48,0,,0
444,12/03/03,48,52,57,24,3,33,0,,0
445,15/03/03,31,50,7,53,32,20,0,,0
446,19/03/03,11,20,8,47,12,17,2,RS,1.767.117
447,22/03/03,24,55,15,33,25,42,0,,0
448,26/03/03,5,3,52,45,9,51,0,,0
449,29/03/03,34,56,24,1,49,8,0,,0
450,02/04/03,59,51,13,1,9,50,0,,0
451,05/04/03,23,18,31,17,53,28,0,,0
452,09/04/03,54,11,51,16,36,30,0,,0
453,12/04/03,58,52,8,34,20,23,0,,0
454,16/04/03,4,17,42,56,46,24,0,,0
455,19/04/03,50,15,17,2,14,59,0,,0
456,23/04/03,17,40,22,27,33,3,0,,0
457,26/04/03,48,15,24,27,17,32,3,CE,10.000.441
458,30/04/03,43,53,13,32,34,24,0,,0
459,03/05/03,43,17,8,15,49,39,0,,0
460,07/05/03,19,55,30,23,37,49,0,,0
461,10/05/03,30,17,20,29,15,60,0,,0
462,14/05/03,27,48,17,19,26,22,0,,0
463,17/05/03,7,18,2,45,3,53,0,,0
464,21/05/03,6,33,45,38,24,50,1,RS,28.414.544
465,24/05/03,46,31,1,57,22,51,0,,0
466,28/05/03,28,16,45,29,30,11,0,,0
467,31/05/03,38,21,8,22,18,60,0,,0
468,04/06/03,23,6,25,39,51,5,0,,0
469,07/06/03,29,47,42,21,13,26,2,AL,2.596.432
470,11/06/03,51,58,23,11,8,37,0,,0
471,14/06/03,51,59,31,5,36,32,0,,0
472,18/06/03,12,3,38,29,51,4,0,,0
473,21/06/03,51,7,58,49,23,41,0,,0
474,25/06/03,34,3,12,50,32,40,0,,0
475,28/06/03,19,6,43,52,8,22,0,,0
476,02/07/03,38,43,20,55,17,58,0,,0
477,05/07/03,47,34,8,6,18,38,3,AM,10.401.481
478,09/07/03,30,8,31,3,21,25,0,,0
479,12/07/03,20,54,58,26,41,46,0,,0
480,16/07/03,36,38,33,14,49,41,0,,0
481,19/07/03,42,6,24,44,22,13,3,AC,6.796.888
482,23/07/03,13,56,12,33,53,54,0,,0
483,26/07/03,16,23,35,18,44,59,0,,0
484,30/07/03,53,19,38,18,17,49,0,,0
485,02/08/03,38,28,52,30,19,57,0,,0
486,06/08/03,50,42,19,8,30,14,1,SP,5.125.800
487,09/08/03,25,22,48,52,54,8,2,SE,467.702
488,13/08/03,30,39,35,43,15,57,0,,0
489,16/08/03,28,36,17,53,33,59,0,,0
490,20/08/03,5,11,29,54,23,58,1,RJ,11.070.173
491,23/08/03,22,43,15,55,9,1,1,RJ,849.344
492,27/08/03,57,2,15,6,56,18,0,,0
493,30/08/03,54,20,3,18,42,24,0,,0
494,03/09/03,28,32,49,53,18,20,0,,0
495,06/09/03,36,15,60,8,29,49,0,,0
496,10/09/03,41,20,19,29,59,10,0,,0
497,13/09/03,9,41,32,13,58,20,0,,0
498,17/09/03,49,28,2,6,57,50,0,,0
499,20/09/03,59,1,11,5,44,4,1,PE,8.698.099
500,27/09/03,35,21,54,29,38,36,1,PR,9.394.248
501,01/10/03,34,27,56,28,16,39,0,,0
502,04/10/03,50,7,33,21,24,13,2,MS,730.915
503,08/10/03,10,21,48,27,49,7,0,,0
504,11/10/03,39,19,11,8,50,30,0,,0
505,15/10/03,47,20,52,3,46,28,0,,0
506,18/10/03,31,37,34,15,38,4,0,,0
507,22/10/03,44,58,5,27,33,3,2,MG,1.963.484
508,25/10/03,46,56,5,15,45,10,0,,0
509,29/10/03,32,55,34,35,28,33,0,,0
510,01/11/03,30,45,58,1,4,41,2,MA,4.252.983
511,05/11/03,8,36,34,37,3,4,0,,0
512,08/11/03,8,40,58,4,53,31,3,MS,653.828
513,12/11/03,46,10,27,19,33,39,0,,0
514,15/11/03,15,52,40,36,51,42,0,,0
515,19/11/03,39,16,57,15,45,48,0,,0
516,22/11/03,24,5,34,13,35,33,0,,0
517,26/11/03,51,32,8,28,38,7,0,,0
518,29/11/03,44,8,5,15,18,10,0,,0
519,03/12/03,9,36,15,19,42,22,0,,0
520,06/12/03,32,34,17,35,9,12,0,,0
521,10/12/03,28,32,38,25,15,45,0,,0
522,13/12/03,49,52,15,25,14,6,0,,0
523,17/12/03,45,58,40,39,28,44,0,,0
524,20/12/03,47,29,34,48,19,41,1,SC,42.794.697
525,27/12/03,26,32,24,49,8,10,2,MG,10.208.722
526,03/01/04,3,59,21,36,55,31,0,,0
527,07/01/04,17,14,50,52,6,26,0,,0
528,10/01/04,34,28,37,12,8,31,0,,0
529,14/01/04,56,45,13,33,38,1,15,BA,348.732
530,17/01/04,32,21,25,1,6,49,0,,0
531,21/01/04,3,1,35,7,18,50,0,,0
532,24/01/04,13,4,12,53,9,52,0,,0
533,28/01/04,27,18,13,59,21,53,0,,0
534,31/01/04,48,57,23,8,31,3,1,MT,15.184.658
535,04/02/04,49,14,47,56,6,28,1,DF,7.834.139
536,07/02/04,14,22,25,15,37,23,0,,0
537,11/02/04,37,3,19,34,39,7,1,RS,2.054.340
538,14/02/04,45,43,56,25,52,3,0,,0
539,18/02/04,16,50,55,6,47,19,0,,0
540,21/02/04,22,4,30,44,28,49,0,,0
541,28/02/04,58,57,27,13,49,52,1,MG,9.144.543
542,03/03/04,49,4,19,28,35,6,0,,0
543,06/03/04,35,54,37,42,49,46,1,PR,1.836.749
544,10/03/04,11,33,56,47,17,34,0,,0
545,13/03/04,43,35,57,29,40,17,1,ES,6.409.645
546,17/03/04,46,4,54,17,13,5,0,,0
547,20/03/04,4,59,13,53,28,30,1,PB,1.746.857
548,24/03/04,51,49,14,47,59,58,0,,0
549,27/03/04,13,51,58,22,46,8,0,,0
550,31/03/04,17,56,16,38,39,45,0,,0
551,03/04/04,56,48,57,21,12,46,0,,0
552,07/04/04,22,54,52,47,49,9,0,,0
553,10/04/04,43,46,58,53,54,4,0,,0
554,14/04/04,47,29,31,15,60,42,0,,0
555,17/04/04,49,5,23,33,45,31,1,PR,23.810.057
556,21/04/04,8,45,30,33,17,10,0,,0
557,24/04/04,18,49,38,23,8,12,0,,0
558,28/04/04,59,57,7,58,31,14,0,,0
559,01/05/04,53,25,36,13,17,6,1,ES,3.707.152
560,05/05/04,32,18,11,30,2,58,0,,0
561,08/05/04,39,49,36,20,55,1,0,,0
562,12/05/04,37,35,23,16,57,55,0,,0
563,15/05/04,34,8,23,44,51,5,0,,0
564,19/05/04,38,13,32,20,10,49,0,,0
565,22/05/04,31,37,35,7,45,34,0,,0
566,26/05/04,17,6,20,18,13,37,0,,0
567,29/05/04,57,58,11,38,41,31,0,,0
568,02/06/04,25,41,17,29,13,22,0,,0
569,05/06/04,32,15,14,9,3,57,1,RJ,46.663.532
570,09/06/04,35,32,36,33,51,15,0,,0
571,12/06/04,14,31,12,13,51,50,0,,0
572,16/06/04,33,3,20,60,9,16,0,,0
573,19/06/04,59,29,17,6,40,22,0,,0
574,23/06/04,32,23,2,10,44,17,0,,0
575,26/06/04,18,29,21,48,35,5,2,DF,25.737.016
576,30/06/04,18,43,52,39,7,8,0,,0
577,03/07/04,31,47,28,23,8,24,0,,0
578,07/07/04,48,3,58,18,56,23,1,MG,3.982.872
579,10/07/04,15,34,39,17,4,9,1,PB,1.175.432
580,14/07/04,38,16,18,28,15,47,0,,0
581,17/07/04,30,25,52,14,39,17,1,SP,11.781.320
582,21/07/04,13,40,29,59,45,51,0,,0
583,24/07/04,55,6,41,20,43,7,0,,0
584,28/07/04,30,53,23,7,32,8,0,,0
585,31/07/04,24,39,12,33,57,36,1,MG,10.166.807
586,04/08/04,45,38,13,11,54,39,0,,0
587,07/08/04,30,2,36,18,60,29,0,,0
588,11/08/04,45,13,46,55,53,11,0,,0
589,14/08/04,13,7,33,59,6,8,0,,0
590,18/08/04,25,51,5,18,4,28,0,,0
591,21/08/04,58,3,18,50,34,1,0,,0
592,25/08/04,55,14,59,47,13,42,0,,0
593,28/08/04,27,29,1,59,25,49,0,,0
594,01/09/04,10,53,55,29,13,47,0,,0
595,04/09/04,54,2,43,1,50,25,0,,0
596,08/09/04,43,60,28,11,54,14,0,,0
597,11/09/04,42,40,27,22,56,29,0,,0
598,15/09/04,5,16,53,38,50,34,2,DF,23.179.951
599,18/09/04,6,45,51,9,23,4,0,,0
600,22/09/04,18,39,54,34,31,16,0,,0
601,25/09/04,37,19,29,30,10,22,0,,0
602,29/09/04,38,60,13,7,55,46,0,,0
603,02/10/04,4,8,11,29,12,44,1,SP,24.750.883
604,06/10/04,41,49,51,25,15,46,0,,0
605,09/10/04,44,52,53,4,49,24,0,,0
606,13/10/04,41,6,23,55,32,35,1,SP,11.878.491
607,16/10/04,6,59,11,27,19,41,0,,0
608,20/10/04,30,6,37,19,24,13,0,,0
609,23/10/04,15,2,59,60,6,58,0,,0
610,27/10/04,25,49,30,43,47,45,0,,0
611,30/10/04,22,21,33,16,48,49,0,,0
612,03/11/04,55,33,15,50,53,18,0,,0
613,06/11/04,54,55,13,44,6,19,0,,0
614,10/11/04,60,31,12,48,57,16,0,,0
615,13/11/04,27,31,8,10,51,5,0,,0
616,17/11/04,24,16,26,54,12,2,0,,0
617,20/11/04,25,5,49,36,33,3,2,RJ,17.791.387
618,24/11/04,60,10,3,8,24,13,0,,0
619,27/11/04,16,12,46,14,8,19,0,,0
620,01/12/04,22,1,29,13,32,3,0,,0
621,04/12/04,29,31,50,26,57,49,0,,0
622,08/12/04,59,27,19,29,50,38,0,,0
623,11/12/04,42,23,55,30,9,49,0,,0
624,15/12/04,39,23,34,52,8,43,1,MG,22.375.180
625,18/12/04,59,12,32,42,24,40,0,,0
626,22/12/04,49,8,22,18,7,39,0,,0
627,29/12/04,19,13,45,58,56,1,0,,0
628,05/01/05,8,16,22,56,58,30,1,SP,17.373.966
629,08/01/05,40,47,39,16,51,15,1,SE,1.104.456
630,12/01/05,16,53,20,60,12,45,0,,0
631,15/01/05,1,28,47,20,44,32,1,PR,10.579.247
632,19/01/05,2,54,48,51,19,28,0,,0
633,22/01/05,27,46,5,50,11,22,0,,0
634,26/01/05,13,41,24,42,10,56,0,,0
635,29/01/05,49,42,37,8,20,26,0,,0
636,02/02/05,30,32,34,50,28,26,0,,0
637,05/02/05,52,58,43,48,11,18,0,,0
638,12/02/05,42,10,50,41,11,36,0,,0
639,16/02/05,51,39,35,60,45,13,0,,0
640,19/02/05,12,42,59,46,19,60,0,,0
641,23/02/05,17,13,33,9,1,34,1,MG,31.923.289
642,26/02/05,51,17,56,36,44,40,0,,0
643,02/03/05,14,45,24,37,40,42,0,,0
644,05/03/05,57,29,31,27,34,14,0,,0
645,09/03/05,52,48,24,53,54,3,0,,0
646,12/03/05,13,47,60,32,49,10,0,,0
647,16/03/05,56,19,11,14,12,54,1,SP,17.603.353
648,19/03/05,5,48,23,42,45,29,3,MG,361.199
649,23/03/05,9,54,41,48,33,24,0,,0
650,26/03/05,53,59,25,29,10,24,0,,0
651,30/03/05,39,45,28,26,48,60,0,,0
652,02/04/05,24,18,57,56,10,20,0,,0
653,06/04/05,31,24,19,34,9,5,0,,0
654,09/04/05,10,11,56,40,41,6,1,MG,15.767.596
655,13/04/05,26,39,1,37,43,48,0,,0
656,16/04/05,59,37,46,36,35,51,0,,0
657,20/04/05,20,59,58,33,60,16,1,PR,11.354.235
658,23/04/05,41,20,36,3,11,6,0,,0
659,27/04/05,14,29,40,34,51,52,0,,0
660,30/04/05,53,5,38,54,46,11,0,,0
661,04/05/05,42,40,27,4,55,36,0,,0
662,07/05/05,4,60,56,25,18,23,0,,0
663,11/05/05,1,49,30,55,27,51,0,,0
664,14/05/05,12,1,55,59,38,36,0,,0
665,18/05/05,8,47,7,48,25,18,0,,0
666,21/05/05,7,26,16,29,45,55,0,,0
667,25/05/05,5,23,16,4,49,1,1,SP,34.263.173
668,28/05/05,49,33,56,2,14,1,0,,0
669,01/06/05,7,41,24,40,49,27,1,SP,2.170.216
670,04/06/05,42,59,58,37,48,22,0,,0
671,08/06/05,27,16,39,51,9,38,0,,0
672,11/06/05,43,34,53,38,28,24,0,,0
673,15/06/05,6,40,37,11,20,34,0,,0
674,18/06/05,22,32,18,29,42,38,0,,0
675,22/06/05,50,42,30,25,43,24,0,,0
676,25/06/05,49,32,15,9,41,42,0,,0
677,29/06/05,25,10,48,8,32,55,0,,0
678,02/07/05,44,46,31,14,40,42,0,,0
679,06/07/05,37,21,54,3,58,25,1,RJ,51.890.452
680,09/07/05,44,2,26,5,3,22,0,,0
681,13/07/05,59,21,53,25,58,38,0,,0
682,16/07/05,60,37,47,36,4,27,0,,0
683,20/07/05,43,40,12,11,2,35,0,,0
684,23/07/05,50,37,33,40,19,17,0,,0
685,27/07/05,33,27,5,56,12,43,1,SP,44.331.219
686,30/07/05,33,5,4,54,15,26,0,,0
687,03/08/05,59,48,1,7,41,14,0,,0
688,06/08/05,47,30,52,11,21,35,0,,0
689,10/08/05,6,60,7,31,49,51,0,,0
690,13/08/05,15,41,8,47,12,53,0,,0
691,17/08/05,55,16,58,8,37,50,0,,0
692,20/08/05,33,18,60,11,58,57,0,,0
693,24/08/05,14,50,41,17,31,13,0,,0
694,27/08/05,15,19,29,53,37,41,0,,0
695,31/08/05,13,40,21,52,6,11,0,,0
696,03/09/05,37,16,34,57,53,9,2,MA,19.251.302
697,10/09/05,53,35,32,31,28,51,0,,0
698,14/09/05,22,8,27,43,55,12,0,,0
699,19/09/05,53,17,50,23,54,48,0,,0
700,21/09/05,2,3,24,40,31,14,0,,0
701,24/09/05,13,1,31,23,60,48,0,,0
702,28/09/05,1,56,18,58,45,57,0,,0
703,01/10/05,30,24,2,45,11,27,0,,0
704,05/10/05,2,27,50,34,18,4,0,,0
705,08/10/05,3,15,11,13,26,43,0,,0
706,15/10/05,22,10,17,7,2,60,0,,0
707,19/10/05,51,8,1,43,10,36,2,MG,19.919.975
708,22/10/05,45,13,39,47,9,7,0,,0
709,26/10/05,29,22,44,9,6,4,0,,0
710,29/10/05,46,25,5,49,39,34,0,,0
711,05/11/05,10,5,41,59,40,33,0,,0
712,09/11/05,35,7,53,58,8,43,0,,0
713,12/11/05,46,1,26,16,12,54,0,,0
714,16/11/05,17,53,39,8,7,35,0,,0
715,19/11/05,54,36,12,4,33,24,3,GO,10.825.809
716,23/11/05,29,2,7,50,16,32,1,RJ,945.382
717,26/11/05,28,35,41,17,6,23,0,,0
718,30/11/05,7,35,21,39,58,33,0,,0
719,03/12/05,39,47,37,53,32,3,0,,0
720,07/12/05,12,56,44,51,31,54,0,,0
721,10/12/05,14,3,23,55,36,25,0,,0
722,14/12/05,60,36,57,18,44,9,0,,0
723,17/12/05,16,6,52,1,36,50,0,,0
724,21/12/05,34,51,55,17,48,27,0,,0
725,31/12/05,49,9,3,35,37,41,2,MG,15.815.987
726,04/01/06,40,47,1,5,7,37,0,,0
727,07/01/06,14,42,12,4,59,30,0,,0
728,11/01/06,44,42,13,8,24,32,0,,0
729,14/01/06,33,56,18,57,43,5,1,MG,4.969.519
730,18/01/06,45,15,2,54,16,50,0,,0
731,21/01/06,35,6,15,23,28,16,0,,0
732,25/01/06,49,19,53,50,17,6,0,,0
733,28/01/06,12,26,31,43,46,2,0,,0
734,01/02/06,44,45,27,29,43,54,1,MG,16.726.569
735,04/02/06,40,42,15,52,38,9,0,,0
736,08/02/06,1,21,38,41,56,49,0,,0
737,11/02/06,33,12,24,38,11,32,0,,0
738,15/02/06,15,30,14,42,26,54,0,,0
739,18/02/06,6,45,56,49,35,10,0,,0
740,22/02/06,29,47,12,50,16,28,1,PR,26.132.814
741,25/02/06,26,39,27,24,59,36,0,,0
742,01/03/06,34,17,7,41,2,50,0,,0
743,04/03/06,54,20,32,60,25,23,0,,0
744,08/03/06,26,46,12,23,39,4,0,,0
745,11/03/06,21,57,37,16,43,2,0,,0
746,15/03/06,49,12,10,57,25,1,2,RS,6.995.681
747,18/03/06,21,23,56,12,3,2,0,,0
748,22/03/06,1,7,19,51,35,2,0,,0
749,25/03/06,24,47,4,57,48,50,0,,0
750,29/03/06,58,17,54,10,42,33,0,,0
751,01/04/06,4,25,38,50,20,7,0,,0
752,05/04/06,25,4,29,42,24,23,0,,0
753,08/04/06,59,35,43,22,7,2,1,BA,17.388.228
754,12/04/06,4,42,34,50,3,13,0,,0
755,15/04/06,59,30,47,12,4,49,0,,0
756,19/04/06,37,50,41,5,38,27,0,,0
757,22/04/06,17,32,12,18,58,30,0,,0
758,26/04/06,47,59,1,23,36,43,0,,0
759,29/04/06,59,39,30,31,48,45,0,,0
760,03/05/06,12,17,60,44,46,45,0,,0
761,06/05/06,56,29,17,13,27,40,0,,0
762,10/05/06,39,9,21,12,37,54,0,,0
763,13/05/06,40,47,1,48,9,26,0,,0
764,18/05/06,7,3,55,47,53,45,1,PA,40.539.530
765,21/05/06,3,37,50,16,30,10,0,,0
766,24/05/06,1,50,19,42,24,58,0,,0
767,27/05/06,22,50,32,38,54,15,0,,0
768,31/05/06,33,37,59,30,4,8,1,MG,21.024.430
769,03/06/06,20,21,50,29,12,16,0,,0
770,07/06/06,4,34,25,35,48,12,0,,0
771,10/06/06,29,46,34,47,21,14,0,,0
772,14/06/06,38,51,52,60,10,35,0,,0
773,17/06/06,3,5,51,29,34,14,0,,0
774,21/06/06,37,5,54,58,46,10,1,PA,16.319.071
775,24/06/06,27,12,46,47,42,50,0,,0
776,28/06/06,57,35,60,41,3,15,0,,0
777,01/07/06,14,50,23,2,28,56,0,,0
778,05/07/06,45,20,36,37,31,51,0,,0
779,08/07/06,36,54,52,25,29,26,0,,0
780,12/07/06,10,50,28,51,59,7,0,,0
781,15/07/06,10,54,8,39,56,13,0,,0
782,19/07/06,11,23,59,42,35,2,0,,0
783,22/07/06,43,21,48,8,4,32,1,MT,28.244.624
784,26/07/06,42,56,8,37,27,53,0,,0
785,29/07/06,35,5,37,8,48,17,1,RJ,9.770.979
786,02/08/06,27,31,26,11,10,41,0,,0
787,05/08/06,37,31,20,60,34,54,0,,0
788,09/08/06,31,57,17,19,29,44,0,,0
789,12/08/06,60,39,31,38,6,50,0,,0
790,16/08/06,22,2,19,28,43,6,0,,0
791,19/08/06,42,35,19,9,14,58,1,SP,12.212.213
792,23/08/06,43,56,9,45,29,34,0,,0
793,26/08/06,3,51,33,15,16,57,0,,0
794,30/08/06,56,47,55,38,42,3,0,,0
795,02/09/06,14,36,21,29,26,48,0,,0
796,06/09/06,19,24,43,34,39,5,0,,0
797,09/09/06,58,48,52,47,12,6,0,,0
798,13/09/06,32,9,4,52,29,3,0,,0
799,16/09/06,29,35,19,57,42,55,0,,0
800,20/09/06,1,7,56,11,37,38,0,,0
801,23/09/06,20,22,11,19,48,42,0,,0
802,27/09/06,14,24,60,6,18,48,0,,0
803,30/09/06,10,57,28,3,5,21,0,,0
804,04/10/06,13,59,37,56,3,47,1,SP,34.172.202
805,07/10/06,30,2,48,60,43,36,0,,0
806,12/10/06,60,41,47,26,35,18,0,,0
807,14/10/06,8,27,2,32,56,49,0,,0
808,18/10/06,15,21,31,46,2,57,0,,0
809,21/10/06,25,23,11,5,30,15,0,,0
810,25/10/06,4,33,1,48,5,37,0,,0
811,28/10/06,32,57,28,41,10,47,2,RS,14.597.902
812,01/11/06,57,39,54,11,38,13,0,,0
813,04/11/06,23,15,56,46,9,45,0,,0
814,08/11/06,11,2,46,50,8,41,0,,0
815,11/11/06,57,50,9,39,37,19,0,,0
816,16/11/06,21,47,40,52,30,20,0,,0
817,18/11/06,34,43,29,30,10,52,0,,0
818,22/11/06,44,41,22,8,9,25,0,,0
819,25/11/06,51,5,58,46,25,19,0,,0
820,29/11/06,17,45,32,21,10,46,2,SP,13.046.320
821,02/12/06,4,29,38,36,33,42,0,,0
822,06/12/06,4,17,41,10,27,52,0,,0
823,09/12/06,15,26,59,1,54,51,0,,0
824,13/12/06,33,48,6,7,20,9,0,,0
825,16/12/06,28,21,40,10,41,47,0,,0
826,19/12/06,45,6,8,7,53,27,0,,0
827,21/12/06,24,56,30,51,42,18,0,,0
828,23/12/06,23,50,53,42,28,38,0,,0
829,31/12/06,32,50,14,47,10,56,0,,0
830,03/01/07,53,51,2,41,13,49,0,,0
831,06/01/07,3,50,48,42,32,33,0,,0
832,10/01/07,17,49,15,33,39,23,1,GO,52.807.317
833,13/01/07,53,58,57,16,46,13,0,,0
834,17/01/07,44,10,17,16,51,34,1,SP,2.820.323
835,20/01/07,58,31,57,49,33,18,0,,0
836,24/01/07,28,22,38,17,52,59,0,,0
837,27/01/07,16,5,24,34,6,60,1,GO,25.067.473
838,31/01/07,9,30,47,38,23,44,0,,0
839,03/02/07,11,18,8,7,37,43,0,,0
840,07/02/07,43,29,35,59,31,17,0,,0
841,10/02/07,36,51,32,22,38,7,0,,0
842,14/02/07,51,44,60,9,7,30,0,,0
843,17/02/07,34,48,1,16,45,36,0,,0
844,24/02/07,54,24,44,57,34,16,0,,0
845,28/02/07,40,48,19,20,14,52,0,,0
846,03/03/07,47,54,2,50,3,44,0,,0
847,07/03/07,42,14,44,27,15,48,1,RS,40.484.388
848,10/03/07,56,34,17,32,47,27,1,MG,1.351.049
849,14/03/07,8,39,9,58,44,49,0,,0
850,17/03/07,60,22,59,25,44,7,0,,0
851,21/03/07,16,32,35,58,19,3,3,SP,4.966.312
852,24/03/07,14,38,6,23,44,34,0,,0
853,28/03/07,51,30,59,46,38,56,0,,0
854,31/03/07,17,3,24,27,44,25,0,,0
855,04/04/07,42,3,24,53,43,31,0,,0
856,07/04/07,11,40,41,47,15,42,0,,0
857,11/04/07,17,59,49,2,3,50,0,,0
858,14/04/07,31,37,54,23,4,18,2,PR,8.889.537
859,18/04/07,46,47,12,57,34,9,0,,0
860,23/04/07,22,8,17,42,44,2,0,,0
861,25/04/07,42,40,60,59,47,39,1,ES,10.840.760
862,28/04/07,19,35,12,2,11,8,1,RS,1.152.211
863,02/05/07,32,53,50,57,15,24,0,,0
864,05/05/07,31,11,33,42,57,8,0,,0
865,09/05/07,27,23,41,51,26,53,0,,0
866,12/05/07,36,48,27,40,5,46,0,,0
867,16/05/07,54,26,28,19,44,10,0,,0
868,19/05/07,57,51,21,22,25,40,0,,0
869,23/05/07,29,42,50,51,49,27,1,SP,16.192.436
870,26/05/07,52,8,43,34,40,21,0,,0
871,30/05/07,17,5,58,1,47,10,0,,0
872,02/06/07,18,55,58,43,31,5,0,,0
873,06/06/07,57,59,4,34,19,30,0,,0
874,09/06/07,59,20,52,42,44,10,0,,0
875,13/06/07,53,18,36,58,24,20,1,SP,26.631.943
876,16/06/07,4,12,41,45,60,8,0,,0
877,20/06/07,13,15,20,31,28,36,0,,0
878,23/06/07,37,12,43,38,11,54,0,,0
879,27/06/07,29,10,46,35,42,28,0,,0
880,30/06/07,51,30,49,25,37,46,0,,0
881,04/07/07,43,24,4,51,18,56,0,,0
882,07/07/07,42,45,44,60,41,17,1,SC,21.492.982
883,11/07/07,21,37,60,32,52,53,0,,0
884,14/07/07,22,11,2,14,39,12,0,,0
885,18/07/07,13,4,31,33,47,51,0,,0
886,21/07/07,50,55,37,33,59,17,0,,0
887,25/07/07,44,12,32,21,1,34,0,,0
888,28/07/07,50,24,40,54,52,60,1,DF,18.947.548
889,01/08/07,34,54,20,39,60,24,0,,0
890,04/08/07,9,21,22,7,17,54,0,,0
891,08/08/07,15,22,19,35,34,16,0,,0
892,11/08/07,1,49,52,42,19,44,0,,0
893,15/08/07,56,53,51,26,18,3,0,,0
894,18/08/07,37,24,44,28,20,41,0,,0
895,22/08/07,2,55,41,43,57,58,0,,0
896,25/08/07,31,11,41,35,22,5,0,,0
897,29/08/07,21,57,46,22,7,43,0,,0
898,01/09/07,4,8,3,54,45,30,2,RO,27.782.053
899,05/09/07,58,18,54,36,53,20,0,,0
900,08/09/07,4,21,59,18,38,34,1,DF,23.334.752
901,12/09/07,32,34,16,13,56,33,0,,0
902,15/09/07,52,55,23,50,58,18,0,,0
903,19/09/07,17,5,32,55,20,41,0,,0
904,22/09/07,32,44,59,53,48,51,0,,0
905,26/09/07,4,15,57,55,2,16,1,RJ,18.405.503
906,29/09/07,35,39,29,24,7,14,1,MT,1.583.115
907,03/10/07,9,41,53,37,36,51,0,,0
908,06/10/07,19,1,9,25,50,52,0,,0
909,10/10/07,42,17,26,38,28,22,0,,0
910,13/10/07,53,29,36,3,15,27,0,,0
911,17/10/07,49,46,1,29,6,28,1,MT,15.981.772
912,20/10/07,26,21,54,4,19,29,0,,0
913,24/10/07,30,14,59,36,46,38,1,DF,2.915.782
914,27/10/07,33,51,9,23,45,12,0,,0
915,31/10/07,20,28,49,26,17,48,1,GO,9.448.268
916,03/11/07,33,37,5,38,28,36,0,,0
917,07/11/07,23,59,25,47,46,30,0,,0
918,10/11/07,38,44,8,4,12,52,0,,0
919,14/11/07,43,25,41,60,31,3,0,,0
920,17/11/07,17,57,55,24,52,5,0,,0
921,21/11/07,35,41,1,57,9,48,0,,0
922,24/11/07,41,49,45,19,13,12,0,,0
923,28/11/07,53,39,2,50,57,15,0,,0
924,01/12/07,51,27,60,21,20,2,0,,0
925,05/12/07,52,37,46,8,22,36,1,SP,40.628.613
926,08/12/07,40,41,34,33,21,59,0,,0
927,12/12/07,36,26,31,23,19,33,0,,0
928,15/12/07,32,10,49,60,4,33,1,SC,5.077.029
929,19/12/07,16,49,35,39,57,27,0,,0
930,22/12/07,46,20,55,37,28,49,0,,0
931,31/12/07,17,34,7,36,39,19,0,,0
932,05/01/08,2,21,42,53,36,17,1,RN,19.685.655
933,09/01/08,25,39,45,51,8,14,0,,0
934,12/01/08,25,48,44,3,21,1,0,,0
935,16/01/08,7,45,18,13,29,31,0,,0
936,19/01/08,5,33,14,29,44,22,2,RJ,8.699.137
937,23/01/08,22,41,2,30,21,52,0,,0
938,26/01/08,35,15,27,57,50,59,0,,0
939,30/01/08,6,23,19,50,37,49,0,,0
940,02/02/08,25,33,51,31,5,37,0,,0
941,06/02/08,11,15,10,27,60,53,0,,0
942,09/02/08,5,52,18,8,59,42,0,,0
943,13/02/08,47,41,58,3,23,12,1,RS,20.498.366
944,16/02/08,16,58,43,37,52,59,0,,0
945,20/02/08,44,8,59,54,4,27,0,,0
946,23/02/08,59,1,47,5,52,12,0,,0
947,27/02/08,33,11,3,58,14,5,1,SP,16.035.424
948,01/03/08,22,44,41,46,52,54,0,,0
949,05/03/08,44,1,51,52,41,23,0,,0
950,08/03/08,48,59,49,41,42,23,0,,0
951,12/03/08,49,24,39,34,55,14,0,,0
952,15/03/08,54,11,27,18,2,30,0,,0
953,19/03/08,55,48,1,39,16,42,1,MG,20.509.951
954,22/03/08,8,5,24,18,57,33,0,,0
955,26/03/08,35,5,32,21,33,12,2,MG,5.678.963
956,29/03/08,46,51,47,59,54,57,1,SP,1.385.109
957,02/04/08,50,32,25,34,57,24,0,,0
958,05/04/08,13,22,7,33,51,48,3,BA,978.205
959,09/04/08,57,3,5,11,33,39,0,,0
960,12/04/08,34,6,33,18,53,19,0,,0
961,16/04/08,16,53,2,4,21,36,0,,0
962,19/04/08,2,48,49,40,55,11,1,RS,13.272.508
963,23/04/08,37,17,15,50,48,59,0,,0
964,26/04/08,42,13,33,20,8,26,0,,0
965,30/04/08,36,39,57,58,5,30,0,,0
966,03/05/08,1,58,26,28,4,41,0,,0
967,07/05/08,18,14,57,30,13,5,0,,0
968,10/05/08,30,4,13,60,51,1,0,,0
969,14/05/08,56,35,50,13,41,25,1,PE,21.823.614
970,17/05/08,57,34,5,54,28,21,3,GO,3.712.467
971,21/05/08,4,14,33,44,11,45,0,,0
972,24/05/08,33,18,15,56,31,34,3,PE,912.435
973,28/05/08,53,36,8,30,1,47,0,,0
974,31/05/08,45,20,38,31,16,12,0,,0
975,04/06/08,33,9,37,40,41,30,0,,0
976,07/06/08,28,53,38,23,14,25,0,,0
977,11/06/08,17,3,9,32,7,5,1,SP,16.584.111
978,14/06/08,42,58,12,18,16,27,0,,0
979,18/06/08,28,3,39,51,31,15,0,,0
980,21/06/08,35,17,59,15,36,29,0,,0
981,25/06/08,8,41,53,1,58,34,0,,0
982,28/06/08,12,24,8,40,43,49,0,,0
983,02/07/08,38,45,40,16,32,22,1,SC,24.038.180
984,05/07/08,46,20,4,43,47,10,0,,0
985,09/07/08,4,56,18,59,46,16,0,,0
986,12/07/08,32,6,31,24,15,19,0,,0
987,16/07/08,47,27,13,31,34,58,0,,0
988,19/07/08,48,17,46,56,60,8,0,,0
989,23/07/08,38,21,27,2,29,32,0,,0
990,26/07/08,29,18,2,15,10,39,2,MG,26.586.140
991,30/07/08,8,38,60,41,15,9,0,,0
992,02/08/08,6,8,4,1,25,28,0,,0
993,06/08/08,26,25,42,60,5,24,0,,0
994,09/08/08,44,40,58,29,3,20,0,,0
995,13/08/08,4,54,55,36,16,31,0,,0
996,16/08/08,21,23,20,7,29,15,2,SC,14.458.257
997,20/08/08,18,53,55,32,9,17,0,,0
998,23/08/08,28,21,4,32,3,22,0,,0
999,27/08/08,44,36,55,58,18,24,0,,0
1000,30/08/08,49,58,53,39,38,29,0,,0
1001,03/09/08,15,37,27,12,60,51,0,,0
1002,06/09/08,3,31,7,25,40,58,1,MG,24.880.988
1003,10/09/08,10,27,23,5,16,26,1,PE,1.609.524
1004,13/09/08,45,47,29,40,44,43,0,,0
1005,17/09/08,6,41,4,37,12,42,1,RJ,12.989.451
1006,20/09/08,48,17,4,33,55,2,1,MG,1.675.260
1007,24/09/08,49,27,4,36,52,37,0,,0
1008,27/09/08,7,15,42,48,34,13,0,,0
1009,01/10/08,34,12,1,6,58,29,2,PA,2.591.825
1010,04/10/08,2,46,3,37,13,54,0,,0
1011,08/10/08,30,2,52,21,11,35,0,,0
1012,11/10/08,47,19,58,14,40,55,0,,0
1013,15/10/08,7,9,20,41,12,19,1,SP,15.668.367
1014,18/10/08,60,57,9,25,8,41,0,,0
1015,22/10/08,49,8,28,3,26,17,0,,0
1016,25/10/08,11,9,25,5,60,20,1,PB,13.814.409
1017,29/10/08,31,51,19,6,56,34,0,,0
1018,01/11/08,55,51,58,9,44,24,0,,0
1019,05/11/08,29,47,4,13,46,23,0,,0
1020,08/11/08,19,32,52,1,2,39,0,,0
1021,12/11/08,42,55,51,43,2,33,1,MG,17.819.642
1022,16/11/08,31,21,40,39,56,5,0,,0
1023,19/11/08,45,40,2,7,18,8,0,,0
1024,22/11/08,28,53,18,39,22,29,0,,0
1025,26/11/08,52,40,29,27,28,10,0,,0
1026,29/11/08,10,33,51,53,6,17,0,,0
1027,03/12/08,20,18,47,44,60,33,0,,0
1028,06/12/08,54,26,34,51,20,52,0,,0
1029,10/12/08,17,5,16,24,20,32,1,RJ,32.271.347
1030,13/12/08,57,8,54,1,23,37,0,,0
1031,17/12/08,49,33,24,40,46,43,1,SP,19.067.463
1032,20/12/08,57,43,15,29,26,16,0,,0
1033,24/12/08,39,6,5,33,54,17,0,,0
1034,27/12/08,20,42,1,3,49,18,0,,0
1035,31/12/08,51,60,1,11,59,26,0,,0
1036,03/01/09,27,39,36,10,41,52,1,MG,44.550.370
1037,07/01/09,56,36,4,44,46,53,0,,0
1038,10/01/09,51,7,6,28,35,43,0,,0
1039,14/01/09,52,2,20,27,36,24,0,,0
1040,17/01/09,44,1,28,55,6,39,0,,0
1041,21/01/09,12,10,36,54,44,57,1,RJ,29.372.147
1042,24/01/09,25,46,51,18,13,30,0,,0
1043,28/01/09,25,14,51,48,60,21,0,,0
1044,31/01/09,58,10,39,11,13,35,0,,0
1045,04/02/09,31,6,5,17,50,1,0,,0
1046,07/02/09,57,40,28,42,54,55,1,SC,23.031.543
1047,11/02/09,1,2,10,48,14,8,0,,0
1048,14/02/09,57,3,38,21,28,16,1,SP,3.901.088
1049,18/02/09,34,17,52,5,2,29,1,SP,1.636.050
1050,21/02/09,60,14,45,24,33,26,0,,0
1051,25/02/09,57,11,7,43,10,13,0,,0
1052,28/02/09,8,11,16,15,57,52,1,RJ,14.557.865
1053,04/03/09,15,42,27,53,34,49,1,RS,1.629.650
1054,07/03/09,41,27,13,60,14,18,0,,0
1055,11/03/09,27,32,15,12,20,16,2,SP,5.273.833
1056,14/03/09,38,8,50,53,59,6,1,DF,1.872.397
1057,18/03/09,15,49,59,4,3,2,0,,0
1058,21/03/09,20,51,57,45,24,18,1,BA,3.671.709
1059,25/03/09,37,1,14,45,12,16,1,SP,1.600.783
1060,28/03/09,1,41,3,18,16,42,1,PR,8.287.163
1061,01/04/09,9,41,56,23,21,30,0,,0
1062,04/04/09,55,8,2,37,23,33,0,,0
1063,08/04/09,49,1,22,47,44,50,0,,0
1064,11/04/09,28,4,19,16,49,29,0,,0
1065,15/04/09,7,57,19,43,39,30,0,,0
1066,18/04/09,10,43,49,32,25,6,0,,0
1067,22/04/09,14,10,56,25,4,28,0,,0
1068,25/04/09,44,48,25,57,27,47,0,,0
1069,29/04/09,28,17,49,53,45,9,1,RJ,36.400.425
1070,02/05/09,41,53,8,23,5,16,2,DF,8.120.833
1071,06/05/09,5,37,43,7,53,54,0,,0
1072,09/05/09,19,18,54,47,43,9,0,,0
1073,13/05/09,44,36,32,8,34,25,0,,0
1074,16/05/09,3,47,10,50,29,23,0,,0
1075,20/05/09,53,39,16,21,10,12,0,,0
1076,23/05/09,32,33,10,19,42,4,0,,0
1077,27/05/09,11,6,18,5,37,9,2,MG,14.486.088
1078,30/05/09,3,6,45,34,41,43,0,,0
1079,03/06/09,36,12,37,24,5,28,1,SP,4.033.499
1080,06/06/09,56,11,20,41,34,18,0,,0
1081,10/06/09,9,56,29,52,16,24,0,,0
1082,13/06/09,4,40,50,17,55,38,0,,0
1083,17/06/09,20,28,42,23,10,43,0,,0
1084,20/06/09,20,5,29,59,40,33,0,,0
1085,24/06/09,39,50,21,12,40,55,0,,0
1086,27/06/09,45,4,6,23,10,2,4,MG,13.904.065
1087,01/07/09,36,46,28,32,3,20,0,,0
1088,04/07/09,24,42,35,31,6,57,0,,0
1089,08/07/09,37,48,32,2,18,20,0,,0
1090,11/07/09,24,9,40,20,36,42,0,,0
1091,15/07/09,27,56,17,24,49,23,0,,0
1092,18/07/09,40,30,1,9,33,34,0,,0
1093,22/07/09,27,49,38,23,41,19,0,,0
1094,25/07/09,10,9,48,36,41,21,1,RJ,55.863.193
1095,29/07/09,27,23,36,10,21,16,0,,0
1096,01/08/09,3,41,52,14,13,16,0,,0
1097,05/08/09,21,48,33,1,56,17,1,SP,34.907.671
1098,08/08/09,30,20,21,11,50,52,1,PA,2.656.519
1099,12/08/09,55,44,38,35,14,31,0,,0
1100,15/08/09,41,33,17,18,7,42,0,,0
1101,19/08/09,7,12,57,6,24,10,1,SP,22.310.116
1102,22/08/09,46,23,9,35,11,51,0,,0
1103,26/08/09,41,19,10,28,55,56,0,,0
1104,29/08/09,3,35,58,49,2,6,0,,0
1105,02/09/09,43,1,50,28,57,15,1,PR,21.878.202
1106,05/09/09,4,15,50,60,43,47,0,,0
1107,09/09/09,36,20,54,9,3,53,0,,0
1108,12/09/09,60,44,7,39,43,9,0,,0
1109,16/09/09,11,52,14,6,29,8,0,,0
1110,19/09/09,26,45,6,28,42,14,2,PR,12.343.077
1111,23/09/09,4,43,25,9,33,32,1,SP,2.100.928
1112,26/09/09,4,34,52,32,58,43,0,,0
1113,30/09/09,47,36,29,59,3,6,2,PA,2.321.158
1114,03/10/09,16,3,22,54,25,15,1,SP,2.310.563
1115,07/10/09,44,41,18,50,37,30,0,,0
1116,10/10/09,17,20,4,47,9,13,1,SC,14.545.870
1117,14/10/09,27,35,40,1,6,17,0,,0
1118,17/10/09,55,44,8,20,43,21,0,,0
1119,21/10/09,44,54,41,45,34,10,0,,0
1120,24/10/09,50,55,7,35,44,40,0,,0
1121,28/10/09,18,4,59,54,56,17,1,SP,22.023.474
1122,31/10/09,49,44,56,26,46,55,0,,0
1123,04/11/09,19,4,39,14,45,60,0,,0
1124,07/11/09,49,11,7,18,16,33,0,,0
1125,11/11/09,7,42,56,29,33,3,1,RJ,19.093.732
1126,14/11/09,59,31,57,4,52,42,0,,0
1127,18/11/09,24,8,14,5,29,30,3,RJ,1.463.875
1128,21/11/09,60,8,39,52,24,16,1,MG,1.903.809
1129,25/11/09,47,19,17,12,32,55,0,,0
1130,28/11/09,23,49,32,54,18,5,0,,0
1131,02/12/09,49,34,36,1,16,8,0,,0
1132,05/12/09,52,30,27,12,55,33,0,,0
1133,09/12/09,16,5,58,39,10,21,1,MG,23.878.446
1134,12/12/09,29,36,56,22,9,51,0,,0
1135,16/12/09,5,4,19,39,6,23,1,ES,16.270.571
1136,19/12/09,7,31,32,37,43,34,0,,0
1137,22/12/09,21,28,19,25,50,43,0,,0
1138,24/12/09,4,25,18,15,36,2,0,,0
1139,26/12/09,36,42,37,9,28,31,0,,0
1140,31/12/09,49,58,40,46,10,27,2,DF,72.450.747
1141,02/01/10,40,9,37,58,50,60,0,,0
1142,06/01/10,28,31,15,58,3,26,0,,0
1143,09/01/10,35,47,60,44,30,3,0,,0
1144,13/01/10,19,10,49,18,1,44,0,,0
1145,16/01/10,19,3,60,33,24,16,1,DF,14.836.725
1146,20/01/10,10,34,53,33,28,6,0,,0
1147,23/01/10,23,39,52,31,6,33,0,,0
1148,27/01/10,48,32,29,55,27,28,0,,0
1149,30/01/10,46,54,8,36,7,23,0,,0
1150,03/02/10,28,17,35,52,31,15,0,,0
1151,06/02/10,1,25,4,14,21,51,0,,0
1152,10/02/10,47,36,44,29,20,14,0,,0
1153,13/02/10,55,46,34,17,19,6,0,,0
1154,17/02/10,4,14,21,26,12,28,0,,0
1155,20/02/10,28,58,41,40,51,20,0,,0
1156,24/02/10,31,49,44,24,9,48,0,,0
1157,27/02/10,46,9,43,41,49,29,4,DF,18.179.694
1158,03/03/10,23,31,60,55,30,54,0,,0
1159,06/03/10,53,46,5,6,34,55,0,,0
1160,10/03/10,40,5,3,48,1,18,1,PE,29.887.804
1161,13/03/10,48,47,7,4,42,51,0,,0
1162,17/03/10,31,25,18,41,22,30,0,,0
1163,20/03/10,5,51,31,53,47,17,0,,0
1164,24/03/10,17,6,14,40,49,26,0,,0
1165,27/03/10,20,52,60,42,54,40,0,,0
1166,31/03/10,35,28,54,30,22,31,0,,0
1167,03/04/10,43,28,56,20,52,51,0,,0
1168,07/04/10,47,20,4,56,53,5,0,,0
1169,10/04/10,14,1,11,23,42,48,1,PR,46.206.248
1170,14/04/10,46,11,27,34,49,13,1,RJ,19.095.125
1171,17/04/10,41,3,10,30,57,13,0,,0
1172,20/04/10,28,52,6,43,12,56,0,,0
1173,24/04/10,7,25,24,36,5,47,0,,0
1174,28/04/10,7,52,6,51,47,39,0,,0
1175,30/04/10,2,3,12,37,47,16,0,,0
1176,05/05/10,21,11,49,14,33,30,0,,0
1177,08/05/10,33,52,55,47,38,50,1,SP,32.015.488
1178,12/05/10,1,53,22,50,45,30,0,,0
1179,15/05/10,59,28,47,60,22,5,0,,0
1180,19/05/10,60,12,34,30,44,57,0,,0
1181,22/05/10,44,18,45,31,26,20,0,,0
1182,26/05/10,52,29,56,60,2,4,0,,0
1183,29/05/10,12,5,10,20,29,37,4,RJ,8.393.631
1184,02/06/10,4,23,27,28,9,30,0,,0
1185,05/06/10,54,10,2,43,21,35,0,,0
1186,09/06/10,41,12,15,7,13,8,1,SP,21.726.964
1187,12/06/10,8,49,43,17,40,19,0,,0
1188,16/06/10,60,52,59,9,44,20,0,,0
1189,19/06/10,50,21,14,35,31,27,0,,0
1190,23/06/10,11,53,56,37,10,19,2,MG,9.806.336
1191,26/06/10,25,22,11,16,33,3,0,,0
1192,30/06/10,49,17,20,59,57,52,0,,0
1193,03/07/10,12,54,2,32,14,9,0,,0
1194,07/07/10,24,53,41,6,13,50,0,,0
1195,10/07/10,27,17,57,26,55,20,1,CE,20.642.817
1196,14/07/10,60,3,20,19,58,6,0,,0
1197,17/07/10,39,54,36,37,60,49,0,,0
1198,21/07/10,29,22,36,58,41,48,0,,0
1199,24/07/10,58,28,23,39,16,19,0,,0
1200,28/07/10,10,3,39,54,56,11,1,SP,21.815.376
1201,31/07/10,36,32,55,49,60,28,0,,0
1202,04/08/10,9,60,11,53,48,8,0,,0
1203,07/08/10,55,30,33,9,7,38,0,,0
1204,11/08/10,10,25,5,39,52,43,0,,0
1205,14/08/10,14,4,26,35,29,13,0,,0
1206,18/08/10,2,11,37,36,48,6,0,,0
1207,21/08/10,32,35,22,9,56,11,0,,0
1208,25/08/10,45,12,1,26,54,20,0,,0
1209,28/08/10,30,17,38,14,5,35,0,,0
1210,01/09/10,3,7,9,10,31,34,0,,0
1211,04/09/10,36,54,3,31,15,48,7,RJ,13.217.564
1212,08/09/10,35,50,2,23,33,40,0,,0
1213,11/09/10,3,53,45,11,34,26,0,,0
1214,15/09/10,5,41,29,36,30,48,0,,0
1215,18/09/10,47,51,10,50,30,25,0,,0
1216,22/09/10,7,25,4,58,13,27,0,,0
1217,25/09/10,5,43,28,15,11,50,0,,0
1218,29/09/10,33,23,29,46,10,31,0,,0
1219,02/10/10,34,37,41,53,2,33,0,,0
1220,06/10/10,48,55,52,43,5,15,1,RS,119.142.144
1221,09/10/10,46,5,58,37,14,43,0,,0
1222,13/10/10,26,19,48,57,5,8,0,,0
1223,16/10/10,17,15,48,42,35,47,0,,0
1224,20/10/10,41,19,57,53,21,27,1,SP,13.344.577
1225,23/10/10,32,55,34,31,50,40,1,MG,24.970.852
1226,27/10/10,31,55,56,50,40,10,0,,0
1227,30/10/10,35,31,4,30,54,28,1,CE,5.445.377
1228,03/11/10,36,10,60,52,50,23,0,,0
1229,06/11/10,12,49,60,32,30,40,0,,0
1230,10/11/10,37,35,12,22,19,9,0,,0
1231,13/11/10,20,27,49,5,23,39,1,SP,22.383.261
1232,17/11/10,12,18,15,8,11,22,0,,0
1233,20/11/10,49,22,59,29,32,54,0,,0
1234,24/11/10,3,5,24,19,30,35,0,,0
1235,27/11/10,16,49,55,20,10,26,0,,0
1236,01/12/10,17,20,38,8,53,3,0,,0
1237,04/12/10,26,21,39,5,18,59,1,RO,30.150.521
1238,08/12/10,40,45,24,14,13,39,0,,0
1239,11/12/10,15,1,48,37,39,52,0,,0
1240,15/12/10,22,42,49,8,12,9,0,,0
1241,18/12/10,13,26,25,10,28,45,0,,0
1242,20/12/10,54,45,51,11,34,48,0,,0
1243,22/12/10,32,19,23,57,9,29,0,,0
1244,24/12/10,45,8,34,15,2,25,0,,0
1245,31/12/10,34,10,37,50,43,2,4,ES,48.598.800
1246,05/01/11,59,10,37,57,40,43,0,,0
1247,08/01/11,9,11,24,3,51,36,0,,0
1248,12/01/11,20,33,58,34,57,60,0,,0
1249,15/01/11,3,40,8,53,51,36,1,SP,11.177.972
1250,19/01/11,59,1,2,40,51,24,0,,0
1251,22/01/11,48,27,34,52,46,5,0,,0
1252,26/01/11,35,2,51,14,49,39,0,,0
1253,29/01/11,2,51,17,44,43,23,0,,0
1254,02/02/11,9,29,18,7,14,39,0,,0
1255,05/02/11,23,5,54,39,38,51,0,,0
1256,09/02/11,26,38,33,35,53,43,0,,0
1257,12/02/11,27,15,30,52,26,2,2,CE,26.211.767
1258,16/02/11,47,26,11,57,59,55,0,,0
1259,19/02/11,39,54,58,46,4,6,0,,0
1260,23/02/11,19,23,31,53,29,41,0,,0
1261,26/02/11,10,41,14,22,53,42,0,,0
1262,02/03/11,11,39,9,5,8,7,2,RJ,16.677.746
1263,05/03/11,41,53,18,4,36,26,0,,0
1264,09/03/11,56,17,37,51,4,36,0,,0
1265,12/03/11,13,50,46,24,60,19,0,,0
1266,16/03/11,39,6,42,10,60,33,0,,0
1267,19/03/11,47,58,4,41,20,30,0,,0
1268,23/03/11,17,53,60,44,16,3,0,,0
1269,26/03/11,51,5,27,4,15,17,2,GO,19.413.790
1270,30/03/11,31,33,24,5,42,9,0,,0
1271,02/04/11,2,52,39,59,48,1,0,,0
1272,06/04/11,28,27,13,35,26,52,0,,0
1273,09/04/11,60,26,19,58,13,40,0,,0
1274,13/04/11,13,59,21,17,40,39,0,,0
1275,16/04/11,58,55,14,2,60,48,0,,0
1276,20/04/11,9,40,5,22,36,11,2,PR,35.704.303
1277,23/04/11,50,59,18,31,60,12,0,,0
1278,27/04/11,4,16,24,56,25,30,0,,0
1279,30/04/11,8,29,36,35,14,40,0,,0
1280,04/05/11,29,6,54,10,20,16,0,,0
1281,07/05/11,36,14,30,38,11,8,1,RJ,34.943.738
1282,11/05/11,4,39,56,23,52,55,0,,0
1283,14/05/11,59,8,60,44,40,30,0,,0
1284,18/05/11,26,21,20,36,31,29,0,,0
1285,21/05/11,33,10,15,38,31,28,0,,0
1286,25/05/11,5,52,2,33,51,28,0,,0
1287,28/05/11,33,42,12,31,11,52,0,,0
1288,01/06/11,42,32,56,40,30,17,0,,0
1289,04/06/11,13,8,27,1,3,52,2,SP,26.440.275
1290,08/06/11,14,50,3,23,2,34,0,,0
1291,11/06/11,18,57,58,40,47,54,0,,0
1292,15/06/11,30,31,23,9,54,11,0,,0
1293,18/06/11,24,50,1,44,13,40,0,,0
1294,22/06/11,6,50,4,48,29,51,0,,0
1295,25/06/11,20,2,43,15,5,57,1,SP,73.451.540
1296,29/06/11,49,43,14,10,53,46,0,,0
1297,02/07/11,2,56,11,5,59,13,0,,0
1298,06/07/11,60,14,53,30,15,55,1,PR,9.047.534
1299,09/07/11,56,32,8,22,43,53,0,,0
1300,13/07/11,46,43,59,54,44,53,2,MA,9.484.391
1301,16/07/11,16,25,3,51,23,56,1,SC,2.751.015
1302,20/07/11,44,15,56,2,10,57,0,,0
1303,23/07/11,19,51,54,8,52,46,0,,0
1304,27/07/11,35,23,15,7,20,14,0,,0
1305,30/07/11,44,11,5,46,36,3,0,,0
1306,03/08/11,45,6,19,34,43,22,0,,0
1307,06/08/11,10,47,54,7,43,32,1,MG,32.075.789
1308,09/08/11,24,33,7,30,47,8,0,,0
1309,11/08/11,7,12,25,26,32,39,0,,0
1310,13/08/11,14,8,53,9,59,32,0,,0
1311,17/08/11,54,7,19,12,45,9,0,,0
1312,20/08/11,28,30,29,22,20,5,0,,0
1313,24/08/11,39,26,49,1,4,43,0,,0
1314,27/08/11,42,44,52,58,60,38,0,,0
1315,31/08/11,27,29,1,50,52,38,1,SE,63.981.675
1316,03/09/11,48,34,25,42,13,8,1,SP,2.824.002
1317,08/09/11,35,29,37,13,6,30,0,,0
1318,10/09/11,34,46,14,28,11,16,0,,0
1319,14/09/11,16,4,18,27,5,51,0,,0
1320,17/09/11,38,17,55,41,24,25,0,,0
1321,21/09/11,51,59,47,10,60,53,1,RJ,31.071.213
1322,24/09/11,55,43,21,10,47,53,0,,0
1323,28/09/11,25,37,15,6,48,55,0,,0
1324,01/10/11,29,44,51,31,18,57,0,,0
1325,05/10/11,35,2,20,43,5,16,0,,0
1326,08/10/11,30,19,10,18,50,11,0,,0
1327,13/10/11,41,35,36,16,52,54,0,,0
1328,15/10/11,43,27,59,53,23,10,1,PI,45.390.782
1329,19/10/11,43,50,8,7,39,11,0,,0
1330,22/10/11,48,8,21,18,49,30,0,,0
1331,26/10/11,24,46,39,57,26,9,1,ES,29.215.205
1332,29/10/11,5,13,3,24,35,59,1,DF,2.963.357
1333,03/11/11,25,51,26,42,28,33,0,,0
1334,05/11/11,8,25,27,6,10,1,0,,0
1335,09/11/11,49,3,51,20,22,14,1,GO,21.885.288
1336,12/11/11,51,54,32,1,38,47,1,CE,3.086.420
1337,16/11/11,38,2,45,35,20,51,0,,0
1338,19/11/11,19,33,18,43,60,1,1,BA,5.448.452
1339,23/11/11,59,10,16,14,7,54,0,,0
1340,26/11/11,36,21,13,59,60,30,0,,0
1341,30/11/11,11,40,37,20,1,52,0,,0
1342,03/12/11,5,60,46,42,50,7,0,,0
1343,07/12/11,51,31,42,20,56,19,0,,0
1344,10/12/11,19,42,8,36,21,59,3,RS,12.497.169
1345,14/12/11,50,40,26,7,19,17,0,,0
1346,17/12/11,59,47,32,48,40,12,1,PR,24.409.476
1347,20/12/11,19,45,54,56,46,9,0,,0
1348,22/12/11,38,45,39,7,12,56,0,,0
1349,24/12/11,9,19,20,50,60,51,1,MG,7.099.412
1350,31/12/11,4,36,29,55,45,3,5,CE,35.523.497
1351,04/01/12,13,50,41,36,56,33,0,,0
1352,07/01/12,35,59,36,9,18,24,0,,0
1353,11/01/12,47,11,3,27,32,13,1,RS,8.311.160
1354,14/01/12,2,42,8,49,48,38,1,SC,2.815.977
1355,18/01/12,39,49,11,24,17,46,0,,0
1356,21/01/12,21,46,6,22,13,31,0,,0
1357,25/01/12,55,52,26,19,1,24,0,,0
1358,28/01/12,16,15,37,3,35,47,0,,0
1359,01/02/12,12,17,28,53,6,10,0,,0
1360,04/02/12,50,25,17,16,54,2,2,AL,22.673.254
1361,08/02/12,37,27,44,30,38,23,0,,0
1362,11/02/12,58,19,12,22,2,36,3,ES,1.924.196
1363,15/02/12,52,25,42,45,35,57,0,,0
1364,18/02/12,20,13,40,10,53,44,0,,0
1365,22/02/12,50,35,32,26,2,24,0,,0
1366,25/02/12,59,44,54,37,27,12,1,MT,22.902.720
1367,01/03/12,38,29,43,13,7,2,0,,0
1368,03/03/12,10,26,29,38,32,21,1,PR,4.873.830
1369,07/03/12,32,24,16,38,5,46,0,,0
1370,10/03/12,2,27,59,49,4,5,2,BA,7.499.281
1371,14/03/12,47,11,8,49,3,4,0,,0
1372,17/03/12,46,60,58,36,40,3,0,,0
1373,21/03/12,52,39,7,27,55,57,1,MG,8.520.148
1374,24/03/12,21,33,28,31,43,6,0,,0
1375,28/03/12,25,28,53,45,14,58,2,PR,7.822.077
1376,31/03/12,53,49,21,11,54,9,0,,0
1377,04/04/12,25,5,13,12,35,2,1,RJ,5.600.981
1378,07/04/12,18,17,59,2,54,5,0,,0
1379,11/04/12,45,5,36,12,50,58,0,,0
1380,14/04/12,52,14,3,60,57,55,0,,0
1381,18/04/12,44,30,27,11,40,57,1,SP,22.817.234
1382,20/04/12,17,27,55,13,5,16,0,,0
1383,25/04/12,9,55,23,44,7,46,0,,0
1384,28/04/12,56,18,31,2,30,45,2,PR,4.030.007
1385,02/05/12,42,37,35,27,59,36,1,SP,13.402.970
1386,05/05/12,39,56,28,12,51,38,0,,0
1387,09/05/12,43,27,18,52,50,32,0,,0
1388,12/05/12,54,31,50,43,29,22,0,,0
1389,16/05/12,1,44,39,16,57,28,1,PI,13.488.668
1390,19/05/12,29,27,19,4,28,31,2,CE,6.920.519
1391,23/05/12,19,7,12,34,53,40,0,,0
1392,26/05/12,43,8,2,28,33,12,0,,0
1393,30/05/12,44,28,18,24,4,39,1,MG,8.139.697
1394,02/06/12,11,35,16,46,24,50,0,,0
1395,06/06/12,5,44,11,19,17,48,0,,0
1396,09/06/12,52,48,54,58,55,29,0,,0
1397,13/06/12,15,56,3,27,4,7,0,,0
1398,16/06/12,42,51,14,40,32,33,0,,0
1399,20/06/12,39,43,60,57,34,56,2,GO,19.136.470
1400,23/06/12,34,26,9,43,54,53,0,,0
1401,27/06/12,12,11,54,33,48,25,1,MS,25.157.779
1402,30/06/12,38,10,27,2,21,9,0,,0
1403,04/07/12,16,39,13,26,42,20,0,,0
1404,07/07/12,7,32,31,51,27,8,0,,0
1405,11/07/12,14,17,32,37,39,3,1,PR,27.622.910
1406,14/07/12,7,10,38,17,24,57,0,,0
1407,18/07/12,53,42,31,43,29,18,0,,0
1408,21/07/12,43,39,20,19,24,4,0,,0
1409,25/07/12,50,6,47,58,26,19,0,,0
1410,28/07/12,54,29,18,42,40,50,0,,0
1411,01/08/12,32,44,12,8,48,46,2,PR,21.505.646
1412,04/08/12,6,8,37,24,45,41,1,ES,3.288.513
1413,07/08/12,54,33,13,55,45,15,0,,0
1414,09/08/12,44,49,57,37,21,46,0,,0
1415,11/08/12,51,49,46,40,36,26,0,,0
1416,15/08/12,49,3,19,35,22,24,2,DF,14.192.091
1417,18/08/12,12,56,5,52,45,59,4,GO,773.932
1418,22/08/12,7,8,10,27,12,56,0,,0
1419,25/08/12,52,21,48,58,30,17,0,,0
1420,29/08/12,45,16,18,11,36,2,0,,0
1421,01/09/12,31,39,59,19,53,44,1,SP,27.700.609
1422,05/09/12,17,44,2,5,13,39,1,SP,2.662.243
1423,08/09/12,43,8,21,27,3,25,3,AM,729.819
1424,12/09/12,60,38,29,3,7,15,0,,0
1425,15/09/12,7,29,50,16,38,36,1,RJ,17.534.538
1426,19/09/12,24,44,6,15,18,30,0,,0
1427,22/09/12,47,44,53,56,8,39,0,,0
1428,26/09/12,15,55,37,34,19,7,1,PE,8.826.040
1429,29/09/12,9,22,60,48,12,39,0,,0
1430,03/10/12,19,2,30,46,22,52,0,,0
1431,06/10/12,33,54,40,5,9,13,0,,0
1432,10/10/12,16,24,25,45,59,42,0,,0
1433,13/10/12,14,46,40,13,4,52,1,CE,33.905.517
1434,17/10/12,3,34,58,22,18,55,2,SC,1.352.380
1435,20/10/12,45,47,50,52,15,4,0,,0
1436,24/10/12,1,23,13,30,24,57,0,,0
1437,27/10/12,48,37,26,22,38,23,0,,0
1438,31/10/12,49,7,33,31,36,14,2,SP,19.240.377
1439,03/11/12,35,55,2,43,34,42,0,,0
1440,07/11/12,6,28,56,2,36,51,1,GO,24.405.605
1441,10/11/12,56,29,53,36,38,17,0,,0
1442,14/11/12,12,20,13,49,34,30,0,,0
1443,17/11/12,52,32,12,54,20,48,0,,0
1444,21/11/12,2,5,55,28,27,48,0,,0
1445,24/11/12,41,32,19,58,5,49,1,MG,33.883.410
1446,28/11/12,13,32,6,51,40,24,1,SP,2.639.040
1447,01/12/12,1,41,28,33,39,19,0,,0
1448,05/12/12,25,29,36,1,56,60,0,,0
1449,08/12/12,2,18,30,56,52,6,0,,0
1450,12/12/12,27,45,44,26,38,31,0,,0
1451,15/12/12,57,10,33,2,11,52,0,,0
1452,18/12/12,50,57,58,28,2,14,0,,0
1453,20/12/12,47,32,25,57,6,13,0,,0
1454,22/12/12,27,52,41,29,4,48,0,,0
1455,31/12/12,33,14,52,36,32,41,3,GO,81.594.699
1456,02/01/13,36,6,40,14,8,26,0,,0
1457,05/01/13,34,16,46,15,42,59,0,,0
1458,09/01/13,2,16,4,44,33,51,0,,0
1459,12/01/13,2,6,35,30,52,34,1,SC,13.246.202
1460,16/01/13,50,52,14,4,27,38,0,,0
1461,19/01/13,44,31,49,54,36,47,0,,0
1462,23/01/13,5,9,25,40,38,27,1,SP,22.470.803
1463,26/01/13,40,22,13,29,48,28,0,,0
1464,30/01/13,59,2,54,32,24,50,0,,0
1465,02/02/13,11,6,53,44,16,26,0,,0
1466,06/02/13,4,13,51,37,6,34,1,RJ,29.873.254
1467,09/02/13,41,53,26,23,52,24,1,MG,3.097.080
1468,13/02/13,2,20,37,19,1,10,1,RJ,1.542.491
1469,16/02/13,4,56,54,13,35,58,0,,0
1470,20/02/13,2,34,51,36,38,55,2,ES,9.438.162
1471,23/02/13,58,33,36,40,25,10,0,,0
1472,27/02/13,12,23,25,18,45,50,0,,0
1473,02/03/13,60,12,57,58,33,2,0,,0
1474,06/03/13,2,43,11,1,3,28,1,MA,14.742.572
1475,09/03/13,13,12,51,37,48,44,1,SP,16.179.244
1476,13/03/13,26,10,4,37,47,57,0,,0
1477,16/03/13,50,59,56,46,3,4,0,,0
1478,20/03/13,10,40,27,47,55,37,0,,0
1479,23/03/13,57,21,54,48,50,60,0,,0
1480,27/03/13,9,14,26,36,52,21,1,RJ,31.618.202
1481,30/03/13,40,27,55,17,28,44,0,,0
1482,03/04/13,11,9,6,34,41,53,0,,0
1483,06/04/13,55,53,1,35,56,39,0,,0
1484,10/04/13,49,29,17,53,20,24,0,,0
1485,13/04/13,30,59,27,36,4,54,0,,0
1486,17/04/13,10,1,34,54,6,40,1,PR,37.137.524
1487,20/04/13,4,17,23,28,9,53,0,,0
1488,24/04/13,4,51,45,22,38,25,1,SP,6.092.267
1489,27/04/13,48,15,24,28,1,26,1,MS,2.867.241
1490,02/05/13,31,32,43,3,52,1,0,,0
1491,04/05/13,56,6,45,60,26,50,0,,0
1492,08/05/13,48,44,46,4,18,9,1,MG,26.460.707
1493,11/05/13,30,24,12,49,7,27,2,BA,1.471.764
1494,15/05/13,50,28,35,24,2,14,0,,0
1495,18/05/13,13,49,4,44,14,57,0,,0
1496,22/05/13,28,18,41,54,14,47,0,,0
1497,25/05/13,58,7,27,45,4,5,0,,0
1498,29/05/13,11,46,27,49,6,40,0,,0
1499,01/06/13,26,37,8,22,54,33,1,MT,43.036.617
1500,05/06/13,57,43,18,59,10,31,1,SP,22.610.179
1501,08/06/13,13,37,54,7,29,1,1,PA,3.144.718
1502,12/06/13,6,43,22,52,57,51,0,,0
1503,15/06/13,36,22,42,3,16,4,0,,0
1504,19/06/13,41,2,42,30,12,10,0,,0
1505,22/06/13,32,1,6,9,16,2,0,,0
1506,26/06/13,49,34,42,18,3,14,0,,0
1507,29/06/13,46,24,51,50,56,52,0,,0
1508,03/07/13,58,39,18,17,35,30,2,RJ,21.168.975
1509,06/07/13,27,51,1,46,59,6,0,,0
1510,10/07/13,1,8,44,17,46,53,1,PR,22.933.056
1511,13/07/13,8,29,31,4,17,45,0,,0
1512,17/07/13,35,11,28,46,42,58,0,,0
1513,20/07/13,31,57,17,56,28,58,0,,0
1514,24/07/13,23,16,17,59,42,60,1,PR,14.061.405
1515,27/07/13,59,49,13,18,4,14,1,RS,15.200.594
1516,31/07/13,34,60,18,45,4,20,1,PA,2.581.185
1517,03/08/13,45,38,52,17,7,56,0,,0
1518,06/08/13,28,8,55,41,48,9,0,,0
1519,08/08/13,6,23,56,15,5,59,0,,0
1520,10/08/13,36,46,48,31,7,35,0,,0
1521,14/08/13,18,30,14,11,33,39,1,RJ,25.313.774
1522,17/08/13,33,5,23,32,8,56,0,,0
1523,21/08/13,25,39,44,41,31,22,0,,0
1524,24/08/13,40,53,12,46,2,52,0,,0
1525,28/08/13,30,46,35,54,26,2,0,,0
1526,31/08/13,51,47,28,10,59,16,1,SP,31.746.274
1527,04/09/13,32,44,42,48,16,36,0,,0
1528,06/09/13,4,13,58,36,19,15,0,,0
1529,11/09/13,35,17,15,34,49,11,1,PR,8.144.582
1530,14/09/13,53,10,28,16,48,33,2,SP,7.800.140
1531,18/09/13,24,41,12,42,44,13,0,,0
1532,21/09/13,42,2,11,23,31,44,3,MS,1.934.416
1533,25/09/13,29,21,47,57,13,34,0,,0
1534,28/09/13,28,12,34,29,1,48,1,RJ,5.734.618
1535,02/10/13,55,25,9,8,54,41,0,,0
1536,05/10/13,18,32,29,13,50,58,0,,0
1537,09/10/13,6,56,33,50,51,10,1,ES,23.232.379
1538,11/10/13,35,52,27,53,57,23,1,MT,2.163.459
1539,16/10/13,10,49,8,58,20,26,0,,0
1540,19/10/13,54,47,27,17,3,32,0,,0
1541,23/10/13,37,5,24,44,49,58,0,,0
1542,26/10/13,7,12,57,11,30,39,0,,0
1543,30/10/13,30,7,23,20,15,41,0,,0
1544,01/11/13,30,50,45,2,35,21,0,,0
1545,06/11/13,6,48,11,45,4,24,1,SP,80.499.108
1546,09/11/13,38,44,17,60,4,53,0,,0
1547,13/11/13,28,21,9,10,2,18,1,PE,6.867.422
1548,16/11/13,44,41,42,54,47,19,0,,0
1549,20/11/13,32,53,16,20,12,10,1,PR,5.772.796
1550,23/11/13,21,56,36,9,13,27,1,ES,23.634.735
1551,27/11/13,2,23,38,15,21,19,1,RR,2.820.316
1552,30/11/13,7,18,26,46,39,24,0,,0
1553,04/12/13,29,21,20,46,22,60,0,,0
1554,07/12/13,30,52,50,49,53,32,0,,0
1555,11/12/13,5,52,59,2,33,23,0,,0
1556,14/12/13,7,52,11,10,1,4,0,,0
1557,17/12/13,46,18,16,45,31,4,0,,0
1558,19/12/13,31,42,15,7,17,54,0,,0
1559,21/12/13,37,58,12,29,8,16,1,SP,51.491.466
1560,31/12/13,30,47,53,38,20,36,4,AL,56.169.465
1561,02/01/14,28,26,54,55,23,60,0,,0
1562,04/01/14,12,10,51,37,23,47,0,,0
1563,09/01/14,43,36,1,20,13,6,1,RS,6.872.625
1564,11/01/14,54,44,38,25,46,53,1,RJ,3.219.906
1565,15/01/14,43,41,37,51,18,39,0,,0
1566,18/01/14,11,32,60,5,6,36,1,RJ,14.791.263
1567,22/01/14,53,38,30,2,15,48,0,,0
1568,25/01/14,28,58,19,24,42,25,0,,0
1569,29/01/14,42,15,18,31,5,53,0,,0
1570,01/02/14,18,46,42,15,56,24,0,,0
1571,05/02/14,46,60,55,32,3,29,0,,0
1572,08/02/14,46,42,27,45,20,47,0,,0
1573,12/02/14,7,16,36,35,38,21,0,,0
1574,15/02/14,6,28,33,48,46,27,0,,0
1575,19/02/14,1,5,4,45,14,56,1,SP,111.503.902
1576,22/02/14,26,30,21,15,13,46,0,,0
1577,26/02/14,25,32,11,59,51,14,1,RJ,7.599.721
1578,01/03/14,6,53,56,30,37,3,0,,0
1579,05/03/14,34,25,40,51,60,49,0,,0
1580,08/03/14,1,6,14,17,33,36,2,RJ,16.776.243
1581,12/03/14,31,34,15,14,25,30,0,,0
1582,15/03/14,4,17,1,48,13,38,1,SP,7.343.875
1583,19/03/14,18,2,9,47,17,45,0,,0
1584,22/03/14,27,54,28,50,22,3,0,,0
1585,26/03/14,55,47,43,48,49,2,0,,0
1586,29/03/14,47,58,8,43,39,46,0,,0
1587,02/04/14,8,21,19,30,52,56,0,,0
1588,05/04/14,36,29,23,49,32,45,2,MG,25.541.942
1589,09/04/14,11,41,51,5,19,4,0,,0
1590,12/04/14,40,7,44,55,34,20,0,,0
1591,16/04/14,4,23,55,10,38,33,1,MS,37.626.306
1592,19/04/14,41,49,36,42,31,38,0,,0
1593,23/04/14,4,17,38,9,18,21,1,SP,5.259.292
1594,26/04/14,53,43,23,6,7,8,0,,0
1595,30/04/14,59,5,42,8,46,2,2,SP,10.975.751
1596,03/05/14,5,12,1,7,45,10,1,PR,2.826.993
1597,07/05/14,16,52,5,44,10,50,0,,0
1598,10/05/14,36,47,42,29,53,31,0,,0
1599,14/05/14,35,10,15,58,36,3,1,PR,11.882.469
1600,17/05/14,9,46,23,32,35,57,1,RJ,17.751.928
1601,21/05/14,60,24,56,45,10,8,0,,0
1602,24/05/14,8,44,40,35,22,12,1,RJ,7.222.388
1603,28/05/14,13,53,20,31,60,27,0,,0
1604,31/05/14,21,40,51,27,24,2,0,,0
1605,04/06/14,42,30,9,19,31,21,0,,0
1606,07/06/14,54,1,15,37,46,42,1,RN,31.599.293
1607,11/06/14,32,41,51,7,31,52,0,,0
1608,14/06/14,6,43,17,5,54,59,0,,0
1609,18/06/14,2,26,6,13,53,60,0,,0
1610,21/06/14,36,53,35,9,1,4,0,,0
1611,25/06/14,24,51,50,28,58,47,0,,0
1612,28/06/14,17,51,36,6,42,13,2,BA,21.337.822
1613,02/07/14,31,18,4,46,44,49,0,,0
1614,05/07/14,49,27,43,17,14,21,1,SP,6.912.438
1615,09/07/14,26,20,5,44,33,31,0,,0
1616,12/07/14,46,40,58,31,28,42,0,,0
1617,16/07/14,23,31,47,54,3,26,2,MG,16.075.904
1618,19/07/14,9,51,20,24,52,43,1,PR,3.400.793
1619,23/07/14,46,17,5,42,47,8,0,,0
1620,26/07/14,57,23,38,13,34,27,0,,0
1621,30/07/14,24,22,38,49,10,39,1,RS,29.279.523
1622,02/08/14,21,7,5,53,45,4,0,,0
1623,05/08/14,33,56,59,43,50,49,0,,0
1624,07/08/14,32,2,27,47,58,41,0,,0
1625,09/08/14,45,11,22,52,36,40,0,,0
1626,13/08/14,3,52,5,43,35,14,0,,0
1627,16/08/14,26,57,20,32,45,41,1,MG,44.340.626
1628,20/08/14,38,26,60,34,29,50,0,,0
1629,23/08/14,47,20,35,4,59,24,0,,0
1630,27/08/14,30,43,7,44,1,54,0,,0
1631,30/08/14,47,48,44,60,4,29,0,,0
1632,03/09/14,18,56,27,6,24,59,1,SP,46.770.615
1633,06/09/14,2,11,49,13,36,1,0,,0
1634,10/09/14,44,9,33,10,23,51,1,PR,7.065.301
1635,13/09/14,30,32,51,8,28,23,0,,0
1636,17/09/14,33,19,52,51,35,26,0,,0
1637,20/09/14,5,56,24,55,1,47,0,,0
1638,24/09/14,38,2,42,58,41,1,0,,0
1639,27/09/14,35,51,34,49,16,29,2,ES,28.473.749
1640,01/10/14,6,18,46,23,31,2,2,RJ,15.134.013
1641,04/10/14,51,30,29,33,46,23,0,,0
1642,08/10/14,47,3,43,42,60,23,0,,0
1643,11/10/14,19,20,16,60,28,37,0,,0
1644,15/10/14,10,16,34,13,60,22,0,,0
1645,18/10/14,31,37,21,38,8,18,0,,0
1646,22/10/14,34,23,41,19,40,58,0,,0
1647,25/10/14,38,54,23,12,17,53,1,SE,61.050.152
1648,29/10/14,48,18,15,22,20,16,0,,0
1649,01/11/14,54,33,24,44,38,42,0,,0
1650,05/11/14,23,57,29,17,60,38,0,,0
1651,08/11/14,27,44,8,35,38,41,0,,0
1652,12/11/14,44,28,24,57,7,26,0,,0
1653,14/11/14,45,22,27,21,1,32,0,,0
1654,19/11/14,50,33,42,7,58,16,0,,0
1655,22/11/14,56,46,7,24,28,53,2,PR,67.657.559
1656,26/11/14,6,4,43,54,56,11,0,,0
1657,29/11/14,10,54,37,45,14,7,1,SP,8.336.476
1658,03/12/14,7,40,19,49,11,23,1,RJ,3.748.248
1659,06/12/14,20,33,37,49,4,10,0,,0
1660,10/12/14,17,38,42,51,34,8,1,RJ,33.639.041
1661,13/12/14,16,48,43,27,58,13,0,,0
1662,17/12/14,57,10,25,14,33,29,2,DF,4.077.429
1663,20/12/14,20,27,49,40,55,18,0,,0
1664,24/12/14,48,8,21,36,23,29,1,PE,7.993.708
1665,31/12/14,20,11,16,1,56,5,4,DF,65.823.888
1666,03/01/15,51,27,1,23,45,2,0,,0
1667,07/01/15,51,24,56,7,12,44,1,ES,5.862.774
1668,10/01/15,47,40,55,57,52,5,0,,0
1669,14/01/15,29,28,31,48,45,49,0,,0
1670,17/01/15,1,33,30,17,47,19,0,,0
1671,21/01/15,21,31,56,55,45,27,0,,0
1672,24/01/15,20,10,1,5,42,3,1,SP,33.471.002
1673,28/01/15,35,10,47,5,24,23,0,,0
1674,31/01/15,42,59,30,58,50,22,0,,0
1675,04/02/15,36,3,35,56,18,34,1,SP,29.353.109
1676,07/02/15,2,1,37,51,48,11,0,,0
1677,11/02/15,52,33,15,28,51,10,2,MG,3.678.088
1678,14/02/15,35,52,17,19,9,11,0,,0
1679,18/02/15,28,2,1,46,27,47,1,PR,5.548.048
1680,21/02/15,37,46,47,51,23,38,1,RS,16.547.485
1681,25/02/15,1,33,8,11,6,50,1,SP,3.031.830
1682,28/02/15,13,39,51,37,35,7,0,,0
1683,04/03/15,48,4,12,34,32,33,1,SP,7.199.799
1684,07/03/15,9,12,31,50,18,39,0,,0
1685,11/03/15,39,46,18,51,31,3,0,,0
1686,14/03/15,44,37,9,55,14,46,3,ES,8.927.028
1687,18/03/15,15,58,24,37,46,49,1,PE,3.174.732
1688,21/03/15,18,23,42,56,32,30,0,,0
1689,25/03/15,41,2,53,5,13,27,2,PA,3.610.233
1690,28/03/15,24,45,53,35,26,21,0,,0
1691,01/04/15,39,45,58,10,1,24,0,,0
1692,04/04/15,44,56,13,14,27,11,0,,0
1693,08/04/15,19,18,38,5,21,15,0,,0
1694,11/04/15,34,29,20,37,57,45,1,PR,46.904.093
1695,15/04/15,36,43,38,24,58,44,0,,0
1696,18/04/15,12,1,31,37,17,46,1,MG,32.909.935
1697,22/04/15,8,30,23,51,53,58,0,,0
1698,25/04/15,24,44,28,13,45,11,0,,0
1699,29/04/15,1,10,30,33,38,6,0,,0
1700,02/05/15,58,41,48,50,15,18,1,RJ,31.494.038
1701,05/05/15,9,3,18,40,32,56,1,BA,2.018.423
1702,07/05/15,39,52,17,35,19,33,1,AL,2.757.367
1703,09/05/15,49,3,35,39,23,26,0,,0
1704,13/05/15,11,7,59,51,32,1,0,,0
1705,16/05/15,50,37,51,27,29,25,0,,0
1706,20/05/15,12,31,34,48,36,56,1,MS,29.938.493
1707,23/05/15,36,27,20,7,16,52,0,,0
1708,27/05/15,38,50,29,45,17,32,0,,0
1709,30/05/15,30,7,47,35,19,42,0,,0
1710,03/06/15,59,56,7,28,21,58,0,,0
1711,06/06/15,38,22,50,45,26,39,0,,0
1712,10/06/15,50,19,59,2,29,12,0,,0
1713,13/06/15,3,29,10,16,23,27,2,PR,31.598.692
1714,17/06/15,51,2,24,52,36,8,0,,0
1715,20/06/15,20,16,35,40,60,53,0,,0
1716,24/06/15,25,36,2,53,42,41,1,SP,40.781.877
1717,27/06/15,9,58,16,44,2,37,0,,0
1718,01/07/15,30,53,4,31,47,32,0,,0
1719,04/07/15,44,22,31,54,34,1,0,,0
1720,07/07/15,49,39,18,31,57,23,0,,0
1721,09/07/15,12,33,4,38,36,19,1,SP,36.404.331
1722,11/07/15,41,39,9,49,23,58,0,,0
1723,15/07/15,27,60,30,14,46,52,0,,0
1724,18/07/15,27,39,37,58,60,33,0,,0
1725,22/07/15,26,31,30,18,16,34,0,,0
1726,25/07/15,42,54,57,3,49,10,0,,0
1727,29/07/15,4,6,41,40,19,20,1,SP,46.391.009
1728,01/08/15,28,39,8,59,42,3,0,,0
1729,04/08/15,53,14,44,7,23,43,0,,0
1730,06/08/15,1,24,10,17,42,51,2,RS,13.940.874
1731,08/08/15,59,49,43,5,27,18,0,,0
1732,12/08/15,25,60,34,53,45,38,1,RJ,7.041.557
1733,15/08/15,5,9,41,14,3,46,1,ES,3.330.428
1734,19/08/15,52,29,17,41,12,25,0,,0
1735,22/08/15,46,16,33,45,34,6,0,,0
1736,26/08/15,13,32,12,41,24,29,0,,0
1737,29/08/15,59,5,51,42,50,8,0,,0
1738,02/09/15,53,46,28,48,37,12,1,PR,38.615.395
1739,05/09/15,34,17,9,46,10,32,0,,0
1740,09/09/15,38,15,47,25,10,53,0,,0
1741,12/09/15,49,18,20,32,15,48,1,PR,31.114.779
1742,16/09/15,23,27,21,19,52,11,0,,0
1743,19/09/15,34,31,29,4,10,35,0,,0
1744,23/09/15,12,9,56,29,14,42,0,,0
1745,26/09/15,13,47,60,18,52,9,0,,0
1746,30/09/15,37,40,6,58,41,18,0,,0
1747,03/10/15,53,34,59,33,48,6,2,SP,23.221.167
1748,07/10/15,2,53,13,49,10,41,0,,0
1749,10/10/15,33,13,14,3,43,29,0,,0
1750,13/10/15,17,41,48,15,20,31,0,,0
1751,15/10/15,42,22,51,23,57,15,0,,0
1752,17/10/15,36,53,55,37,60,9,0,,0
1753,21/10/15,54,8,45,29,35,15,1,DF,47.335.685
1754,24/10/15,20,31,40,30,27,53,0,,0
1755,28/10/15,48,5,30,18,8,2,0,,0
1756,31/10/15,28,13,6,14,45,35,0,,0
1757,04/11/15,43,13,28,56,37,25,0,,0
1758,07/11/15,6,23,16,11,42,36,0,,0
1759,10/11/15,2,14,21,60,22,51,0,,0
1760,13/11/15,25,10,24,47,48,36,0,,0
1761,14/11/15,53,36,10,9,50,55,0,,0
1762,18/11/15,45,59,42,55,32,26,0,,0
1763,21/11/15,21,9,15,36,12,31,0,,0
1764,25/11/15,6,7,41,39,29,55,1,DF,205.329.753
1765,28/11/15,1,28,56,37,6,58,0,,0
1766,02/12/15,60,23,22,46,53,41,0,,0
1767,05/12/15,44,26,39,35,16,45,0,,0
1768,09/12/15,35,11,7,50,34,5,0,,0
1769,12/12/15,32,44,54,60,47,37,0,,0
1770,16/12/15,34,30,41,11,27,26,0,,0
1771,19/12/15,38,2,27,28,32,20,0,,0
1772,22/12/15,27,39,19,41,12,45,2,GO,98.688.974
1773,24/12/15,45,41,39,30,15,59,0,,0
1774,26/12/15,1,52,30,60,20,12,0,,0
1775,31/12/15,31,2,51,42,18,56,6,AL,41.088.919
1776,02/01/16,39,11,48,14,19,10,0,,0
1777,06/01/16,55,4,44,38,19,52,0,,0
1778,09/01/16,4,38,48,10,45,40,0,,0
1779,12/01/16,25,56,30,12,39,57,0,,0
1780,14/01/16,20,6,33,22,31,34,0,,0
1781,16/01/16,22,8,52,1,53,49,2,AM,12.626.122
1782,20/01/16,34,57,47,18,6,52,0,,0
1783,23/01/16,38,16,21,4,18,6,0,,0
1784,27/01/16,30,15,54,55,26,4,0,,0
1785,30/01/16,27,5,42,54,41,11,0,,0
1786,02/02/16,34,8,2,21,25,6,0,,0
1787,04/02/16,1,29,13,25,5,26,2,SP,17.008.680
1788,06/02/16,42,45,56,13,3,59,0,,0
1789,10/02/16,57,59,6,25,43,58,0,,0
1790,13/02/16,28,13,11,26,50,27,0,,0
1791,17/02/16,55,12,50,18,53,46,0,,0
1792,20/02/16,47,41,18,17,2,16,0,,0
1793,24/02/16,56,13,22,54,14,58,1,MG,35.196.529
1794,27/02/16,1,5,37,60,34,40,1,MT,2.942.618
1795,02/03/16,55,50,42,58,47,30,0,,0
1796,05/03/16,54,22,48,34,23,53,1,PR,23.818.040
1797,08/03/16,2,57,35,13,54,14,0,,0
1798,10/03/16,9,28,45,2,23,53,0,,0
1799,12/03/16,53,1,3,4,51,39,0,,0
1800,16/03/16,31,56,16,6,11,19,1,RJ,22.054.205
1801,19/03/16,19,45,43,6,54,34,0,,0
1802,23/03/16,6,14,2,17,44,13,0,,0
1803,26/03/16,4,29,8,49,38,50,0,,0
1804,30/03/16,20,50,48,59,28,21,0,,0
1805,02/04/16,17,49,27,22,57,31,0,,0
1806,06/04/16,11,42,55,58,35,20,0,,0
1807,09/04/16,43,15,22,1,16,25,0,,0
1808,13/04/16,20,25,45,2,41,14,0,,0
1809,16/04/16,23,12,54,46,9,24,0,,0
1810,20/04/16,56,10,43,50,1,25,1,PE,92.303.225
1811,23/04/16,32,37,5,35,17,57,0,,0
1812,27/04/16,45,34,23,20,37,32,0,,0
1813,30/04/16,51,9,13,15,19,11,0,,0
1814,03/05/16,53,51,27,11,46,9,0,,0
1815,05/05/16,60,8,25,39,41,11,3,MT,10.829.320
1816,07/05/16,12,10,46,28,22,5,0,,0
1817,11/05/16,47,1,26,55,39,4,0,,0
1818,14/05/16,10,53,15,2,6,56,0,,0
1819,18/05/16,37,26,18,30,33,17,0,,0
1820,21/05/16,27,19,23,3,45,40,0,,0
1821,25/05/16,53,31,19,52,36,22,2,BA,19.896.531
1822,28/05/16,22,53,26,1,43,50,0,,0
1823,01/06/16,54,34,59,21,9,4,0,,0
1824,04/06/16,19,30,60,12,6,5,0,,0
1825,07/06/16,21,54,10,50,51,11,1,CE,27.333.858
1826,09/06/16,43,48,32,19,17,51,0,,0
1827,11/06/16,43,33,53,26,54,42,0,,0
1828,15/06/16,40,32,11,6,59,48,0,,0
1829,18/06/16,53,32,30,7,24,13,0,,0
1830,22/06/16,29,3,54,7,37,60,1,RJ,27.488.182
1831,25/06/16,55,15,48,32,28,27,1,RJ,2.615.804
1832,29/06/16,34,47,57,56,14,46,0,,0
1833,02/07/16,2,42,3,27,16,7,0,,0
1834,06/07/16,2,22,51,24,48,17,1,MG,9.144.980
1835,09/07/16,50,36,8,28,47,58,0,,0
1836,12/07/16,59,18,45,60,8,15,0,,0
1837,14/07/16,41,48,57,50,44,54,0,,0
1838,16/07/16,59,24,30,8,57,5,1,BA,25.207.139
1839,20/07/16,28,32,22,56,58,7,0,,0
1840,23/07/16,33,41,48,15,17,47,0,,0
1841,27/07/16,6,51,13,38,49,3,0,,0
1842,30/07/16,18,43,22,24,16,34,1,RS,27.801.637
1843,03/08/16,28,26,33,41,8,54,1,SE,2.685.394
1844,06/08/16,4,3,37,39,48,50,0,,0
1845,09/08/16,9,3,29,13,30,51,0,,0
1846,11/08/16,49,26,30,34,24,6,0,,0
1847,13/08/16,45,1,57,49,50,6,0,,0
1848,17/08/16,58,41,50,40,9,55,0,,0
1849,20/08/16,35,27,3,11,44,5,0,,0
1850,24/08/16,24,32,23,40,41,38,1,RJ,58.632.725
1851,27/08/16,35,22,8,37,21,18,0,,0
1852,31/08/16,29,13,49,50,45,17,0,,0
1853,03/09/16,2,41,39,1,34,45,1,DF,9.543.014
1854,08/09/16,59,30,43,31,34,25,0,,0
1855,10/09/16,6,38,24,39,15,10,0,,0
1856,14/09/16,14,9,2,32,22,37,0,,0
1857,17/09/16,53,35,52,25,23,13,0,,0
1858,20/09/16,55,30,28,59,33,22,0,,0
1859,22/09/16,13,26,1,21,14,51,0,,0
1860,24/09/16,10,40,30,44,36,60,1,MG,57.628.178
1861,28/09/16,45,9,60,2,35,4,0,,0
1862,01/10/16,8,49,35,42,56,2,2,MG,2.915.182
1863,05/10/16,23,45,16,58,59,56,0,,0
1864,08/10/16,5,4,37,40,60,14,0,,0
1865,13/10/16,42,5,32,37,1,31,0,,0
1866,15/10/16,14,36,60,38,17,44,0,,0
1867,18/10/16,3,43,21,17,22,10,0,,0
1868,20/10/16,25,5,31,1,28,23,0,,0
1869,22/10/16,11,26,24,52,40,23,0,,0
1870,26/10/16,30,40,33,18,20,32,0,,0
1871,29/10/16,17,58,33,52,11,3,1,MG,76.548.193
1872,03/11/16,39,11,56,46,13,25,0,,0
1873,05/11/16,25,5,53,28,41,54,0,,0
1874,08/11/16,43,28,10,37,47,44,0,,0
1875,10/11/16,53,45,47,1,52,55,1,GO,29.697.112
1876,12/11/16,7,18,51,41,44,39,0,,0
1877,16/11/16,35,13,32,16,24,23,0,,0
1878,19/11/16,56,26,40,16,57,12,0,,0
1879,23/11/16,20,58,10,59,57,5,1,MG,12.957.556
1880,26/11/16,19,51,56,16,5,37,0,,0
1881,30/11/16,30,10,53,44,3,56,1,BA,18.918.141
1882,03/12/16,41,35,37,10,19,9,0,,0
1883,07/12/16,28,59,16,47,27,60,0,,0
1884,10/12/16,38,1,32,4,23,59,0,,0
1885,14/12/16,59,7,18,23,32,14,0,,0
1886,17/12/16,7,40,54,15,3,45,0,,0
1887,20/12/16,23,56,41,46,34,11,0,,0
1888,22/12/16,48,1,18,45,17,10,2,SP,20.091.578
1889,24/12/16,30,25,23,44,28,16,0,,0
1890,31/12/16,5,24,51,22,11,53,6,BA,36.824.758
1891,04/01/17,47,1,3,19,23,58,0,,0
1892,07/01/17,50,22,6,37,30,17,0,,0
1893,11/01/17,17,58,45,19,28,16,0,,0
1894,14/01/17,31,35,57,54,21,53,0,,0
1895,18/01/17,3,5,2,34,10,15,0,,0
1896,21/01/17,25,6,14,21,3,15,1,SP,28.783.383
1897,25/01/17,52,9,58,47,22,25,0,,0
1898,28/01/17,53,12,58,55,34,45,0,,0
1899,01/02/17,48,35,44,23,36,20,0,,0
1900,04/02/17,46,11,8,43,28,27,0,,0
1901,08/02/17,30,53,26,11,37,12,0,,0
1902,11/02/17,25,18,2,21,9,7,3,MG,11.813.566
1903,15/02/17,9,43,10,15,45,28,0,,0
1904,18/02/17,21,18,56,15,51,12,0,,0
1905,21/02/17,43,54,29,57,35,56,0,,0
1906,23/02/17,27,40,33,6,39,60,0,,0
1907,25/02/17,3,48,44,35,25,38,0,,0
1908,01/03/17,10,27,57,13,23,4,0,,0
1909,04/03/17,47,43,45,40,57,11,0,,0
1910,08/03/17,9,6,39,15,22,48,1,MG,59.741.202
1911,11/03/17,32,16,33,23,18,30,0,,0
1912,15/03/17,42,10,33,36,13,35,1,PB,5.848.882
1913,18/03/17,14,56,52,17,4,43,0,,0
1914,22/03/17,39,33,29,16,44,42,1,PE,5.805.678
1915,25/03/17,57,21,2,33,20,48,0,,0
1916,29/03/17,3,50,18,23,9,52,0,,0
1917,01/04/17,4,36,25,21,46,33,0,,0
1918,05/04/17,22,17,50,38,20,16,0,,0
1919,08/04/17,60,28,54,37,45,11,0,,0
1920,12/04/17,39,45,31,25,43,33,0,,0
1921,15/04/17,19,10,16,15,28,35,0,,0
1922,19/04/17,20,41,22,36,43,38,0,,0
1923,22/04/17,46,34,59,45,9,42,0,,0
1924,26/04/17,16,52,53,58,30,12,1,MT,101.484.527
1925,29/04/17,47,43,38,1,17,45,0,,0
1926,03/05/17,46,3,2,30,14,20,1,SP,41.318.205
1927,06/05/17,11,5,30,31,13,19,1,RS,3.343.108
1928,09/05/17,28,51,59,26,53,10,0,,0
1929,11/05/17,10,52,23,36,3,43,0,,0
1930,13/05/17,17,56,37,52,18,4,0,,0
1931,17/05/17,34,8,2,15,9,22,0,,0
1932,20/05/17,55,21,16,44,29,10,0,,0
1933,24/05/17,15,19,35,59,14,2,0,,0
1934,27/05/17,56,39,35,8,23,59,0,,0
1935,31/05/17,24,17,10,1,3,23,3,MG,20.928.347
1936,03/06/17,51,40,52,24,12,3,0,,0
1937,07/06/17,10,29,24,43,6,55,1,CE,6.310.224
1938,10/06/17,10,54,42,16,40,32,0,,0
1939,14/06/17,39,29,24,52,7,45,0,,0
1940,17/06/17,36,16,9,47,13,17,0,,0
1941,21/06/17,38,1,9,48,49,24,1,SP,26.572.503
1942,24/06/17,48,20,43,18,6,24,0,,0
1943,28/06/17,43,11,39,9,30,12,0,,0
1944,01/07/17,8,57,47,39,9,59,0,,0
1945,04/07/17,8,54,21,10,45,4,0,,0
1946,06/07/17,6,39,4,44,52,60,0,,0
1947,08/07/17,52,59,55,40,8,33,0,,0
1948,12/07/17,28,33,20,24,57,12,0,,0
1949,15/07/17,30,1,14,56,22,6,0,,0
1950,19/07/17,32,21,10,48,34,57,0,,0
1951,22/07/17,55,14,16,21,33,19,0,,0
1952,26/07/17,9,21,53,36,52,38,0,,0
1953,29/07/17,45,29,42,9,43,26,1,RJ,107.956.102
1954,02/08/17,40,9,49,25,35,33,0,,0
1955,05/08/17,15,41,45,33,36,27,0,,0
1956,08/08/17,20,40,28,5,8,45,0,,0
1957,10/08/17,23,47,29,2,14,22,1,PR,51.557.331
1958,12/08/17,55,34,22,20,24,15,0,,0
1959,16/08/17,56,43,21,8,27,35,0,,0
1960,19/08/17,43,39,18,25,37,1,0,,0
1961,23/08/17,50,30,25,17,32,26,0,,0
1962,26/08/17,39,5,6,53,15,25,0,,0
1963,30/08/17,34,60,5,4,7,42,0,,0
1964,02/09/17,32,27,48,36,2,50,0,,0
1965,06/09/17,28,26,55,38,48,35,1,MS,78.022.245
1966,09/09/17,19,10,32,60,13,40,0,,0
1967,13/09/17,32,39,13,54,30,46,0,,0
1968,16/09/17,35,48,44,39,36,52,0,,0
1969,19/09/17,30,59,20,32,8,48,0,,0
1970,21/09/17,10,18,24,5,39,52,0,,0
1971,23/09/17,54,10,52,41,44,4,0,,0
1972,27/09/17,20,9,59,54,16,57,0,,0
1973,30/09/17,17,16,60,12,52,1,0,,0
1974,04/10/17,19,57,38,54,4,27,1,SP,54.268.048
1975,07/10/17,8,24,47,26,11,57,1,SP,22.575.348
1976,11/10/17,52,14,19,12,59,25,0,,0
1977,14/10/17,28,3,32,34,37,16,1,ES,5.889.546
1978,17/10/17,6,2,57,22,55,44,0,,0
1979,19/10/17,38,23,45,32,29,22,1,MG,3.951.513
1980,21/10/17,18,16,12,34,37,17,0,,0
1981,25/10/17,15,6,39,19,37,53,0,,0
1982,28/10/17,46,24,20,4,50,14,1,PR,20.777.195
1983,01/11/17,14,22,6,5,10,36,1,SP,2.598.401
1984,04/11/17,43,32,21,50,35,29,0,,0
1985,07/11/17,9,36,29,28,34,55,0,,0
1986,09/11/17,55,23,44,43,36,56,0,,0
1987,11/11/17,10,58,14,45,31,34,0,,0
1988,16/11/17,5,39,10,54,46,42,0,,0
1989,18/11/17,40,58,30,32,15,22,0,,0
1990,22/11/17,37,26,11,24,59,34,0,,0
1991,25/11/17,19,34,44,36,20,28,0,,0
1992,29/11/17,21,11,13,53,54,5,2,GO,32.953.918
1993,02/12/17,50,57,48,17,6,33,0,,0
1994,06/12/17,44,5,32,2,12,40,0,,0
1995,09/12/17,14,37,39,26,35,29,0,,0
96,13/12/17,56,21,20,7,40,24,0,,0
97,16/12/17,14,7,35,1,31,46,0,,0
98,19/12/17,57,21,24,52,25,8,0,,0
99,21/12/17,42,38,49,15,50,37,0,,0
00,31/12/17,6,37,34,10,3,17,17,BA,18.042.279
01,03/01/18,22,20,52,60,42,36,0,,0
02,06/01/18,59,46,28,38,4,30,0,,0
03,10/01/18,40,50,43,28,51,34,0,,0
04,13/01/18,45,35,1,23,5,14,3,PR,4.095.573
05,17/01/18,22,19,33,11,53,34,0,,0
06,20/01/18,20,9,1,14,54,25,0,,0
07,24/01/18,41,14,54,4,39,58,0,,0
08,27/01/18,27,22,58,33,59,42,0,,0
09,31/01/18,1,48,50,44,37,46,0,,0
10,03/02/18,18,56,8,34,39,10,0,,0
11,06/02/18,28,35,58,54,2,32,0,,0
12,08/02/18,11,51,36,8,35,27,0,,0
13,10/02/18,6,36,53,30,56,23,0,,0
14,14/02/18,46,32,16,56,40,53,0,,0
15,17/02/18,18,58,32,39,27,17,1,PR,104.545.829
16,21/02/18,11,17,48,18,4,21,0,,0
17,24/02/18,56,10,11,2,38,24,0,,0
18,28/02/18,55,11,27,22,25,59,0,,0
19,03/03/18,41,46,54,59,23,52,0,,0
20,07/03/18,2,46,57,60,48,36,0,,0
2021,10/03/18,32,37,40,60,7,14,0,,0
2022,14/03/18,28,60,52,45,4,48,0,,0
2023,17/03/18,23,56,8,7,1,6,2,PR,29.864.355
2024,21/03/18,29,16,20,35,47,23,0,,0
2025,24/03/18,52,56,4,24,46,55,0,,0
2026,28/03/18,51,33,23,52,31,10,0,,0
2027,31/03/18,11,15,39,37,29,44,0,,0
2028,04/04/18,7,42,58,36,24,11,4,RS,10.251.126
2029,07/04/18,15,37,18,33,40,6,0,,0
2030,11/04/18,38,4,58,40,27,59,1,MG,22.122.662
2031,14/04/18,23,39,18,55,50,37,0,,0
2032,17/04/18,19,39,20,53,14,6,0,,0
2033,20/04/18,40,10,18,33,38,43,1,DF,9.349.630
2034,25/04/18,7,56,22,13,6,17,1,SP,2.777.651
2035,28/04/18,52,35,49,30,38,36,0,,0
2036,02/05/18,23,58,8,19,27,7,0,,0
2037,05/05/18,60,30,14,45,23,16,0,,0
2038,08/05/18,26,35,40,25,6,38,0,,0
2039,10/05/18,28,22,6,31,44,12,0,,0
2040,12/05/18,56,58,54,6,41,9,0,,0
2041,16/05/18,10,12,54,42,22,25,1,DF,58.932.070
2042,19/05/18,33,32,22,29,35,14,0,,0
2043,23/05/18,53,58,21,38,57,56,0,,0
2044,26/05/18,14,7,60,54,47,56,0,,0
2045,30/05/18,27,46,15,25,50,45,1,PR,29.066.470
2046,02/06/18,27,11,6,28,46,3,0,,0
2047,06/06/18,18,19,44,54,1,29,0,,0
2048,09/06/18,10,39,38,35,26,19,0,,0
2049,13/06/18,19,10,27,31,51,53,0,,0
2050,16/06/18,33,50,38,32,8,31,0,,0
2051,20/06/18,37,5,44,1,53,6,0,,0
2052,23/06/18,57,50,56,51,58,59,4,BA,9.627.559
2053,27/06/18,12,27,40,37,22,55,0,,0
2054,30/06/18,39,4,7,12,26,22,0,,0
2055,03/07/18,53,43,46,25,35,6,0,,0
2056,05/07/18,29,47,22,36,34,18,0,,0
2057,07/07/18,37,38,20,13,10,54,0,,0
2058,11/07/18,19,4,23,29,59,56,0,,0
2059,14/07/18,5,4,36,56,40,44,0,,0
2060,18/07/18,11,39,41,9,25,8,0,,0
2061,21/07/18,33,45,44,40,36,54,0,,0
2062,25/07/18,8,15,34,25,10,23,1,MA,73.450.153
2063,28/07/18,10,19,29,24,6,25,0,,0
2064,01/08/18,55,53,14,10,36,60,0,,0
2065,04/08/18,4,11,43,20,30,37,0,,0
2066,08/08/18,27,55,35,6,25,45,1,SP,35.155.103
2067,11/08/18,59,2,11,32,26,13,0,,0
2068,14/08/18,5,47,40,9,42,3,0,,0
2069,16/08/18,40,3,48,17,34,35,0,,0
2070,18/08/18,5,26,42,27,48,34,0,,0
2071,22/08/18,35,46,34,60,24,33,0,,0
2072,25/08/18,22,13,10,20,12,54,0,,0
2073,29/08/18,55,12,15,30,52,18,0,,0
2074,01/09/18,42,8,18,37,58,23,2,MG,22.327.541
2075,05/09/18,59,23,33,57,9,7,0,,0
2076,08/09/18,6,15,43,5,12,22,0,,0
2077,12/09/18,37,13,16,26,39,35,1,MT,27.758.694
2078,15/09/18,30,36,2,11,39,15,0,,0
2079,18/09/18,55,37,58,14,2,1,0,,0
2080,20/09/18,58,55,46,22,40,10,0,,0
2081,22/09/18,40,42,13,18,35,41,1,MG,21.763.750
2082,26/09/18,25,33,42,49,6,48,1,ES,2.420.701
2083,29/09/18,56,33,1,19,18,60,0,,0
2084,03/10/18,20,37,26,7,39,38,0,,0
2085,06/10/18,25,49,12,21,38,37,0,,0
2086,10/10/18,4,53,35,43,47,46,0,,0
2087,13/10/18,19,18,53,34,2,23,1,PA,27.364.769
2088,17/10/18,24,3,27,38,14,56,1,BA,2.526.635
2089,20/10/18,38,48,5,49,10,32,0,,0
2090,23/10/18,11,8,18,40,37,51,0,,0
2091,25/10/18,12,11,10,59,38,37,1,PR,20.024.894
2092,27/10/18,13,17,27,11,15,22,0,,0
2093,31/10/18,54,34,52,8,14,27,0,,0
2094,03/11/18,4,33,16,44,19,31,0,,0
2095,07/11/18,49,29,56,43,35,16,0,,0
2096,10/11/18,11,51,6,24,13,19,0,,0
2097,14/11/18,51,28,24,49,9,45,0,,0
2098,17/11/18,2,38,27,60,18,8,0,,0
2099,21/11/18,30,15,5,58,20,27,0,,0
2100,24/11/18,1,35,13,11,10,49,1,SP,69.186.484
2101,28/11/18,58,56,18,8,2,37,0,,0
2102,01/12/18,6,4,17,57,34,51,0,,0
2103,04/12/18,13,40,50,46,3,44,0,,0
2104,06/12/18,12,45,10,56,2,27,0,,0
2105,08/12/18,16,46,13,11,24,31,0,,0
2106,12/12/18,27,3,39,40,36,43,0,,0
2107,15/12/18,50,44,60,38,56,8,0,,0
2108,18/12/18,44,59,29,19,41,22,0,,0
2109,20/12/18,4,16,44,49,12,34,0,,0
2110,31/12/18,25,33,10,12,18,5,52,AC,5.818.007
2111,02/01/19,54,41,1,46,58,44,0,,0
2112,05/01/19,17,46,43,53,52,39,0,,0
2113,09/01/19,11,21,46,14,25,50,0,,0
2114,12/01/19,35,17,30,25,42,57,0,,0
2115,15/01/19,19,40,35,44,27,4,0,,0
2116,17/01/19,21,19,1,9,34,54,0,,0
2117,19/01/19,28,43,4,29,52,30,0,,0
2118,23/01/19,41,11,12,46,20,40,1,RJ,37.902.607
2119,26/01/19,42,49,26,31,19,21,0,,0
2120,30/01/19,38,41,20,24,25,13,0,,0
2121,02/02/19,37,8,17,29,10,40,1,RJ,24.666.686
2122,06/02/19,27,21,3,11,15,49,0,,0
2123,09/02/19,47,59,14,56,50,15,0,,0
2124,13/02/19,31,20,47,43,2,11,0,,0
2125,16/02/19,44,1,31,53,46,58,0,,0
2126,20/02/19,58,39,27,7,24,12,0,,0
2127,23/02/19,7,46,28,30,44,1,0,,0
2128,26/02/19,24,55,46,16,11,54,0,,0
2129,28/02/19,60,46,12,6,32,31,0,,0
2130,02/03/19,13,53,16,36,55,54,0,,0
2131,06/03/19,28,18,20,6,2,3,1,RS,78.938.208
2132,09/03/19,5,60,18,39,35,30,0,,0
2133,13/03/19,26,20,19,51,52,57,0,,0
2134,16/03/19,54,6,46,21,59,34,0,,0
2135,20/03/19,23,48,59,28,40,9,1,BA,32.689.083
2136,23/03/19,35,22,11,1,30,8,0,,0
2137,27/03/19,2,1,49,11,12,34,0,,0
2138,30/03/19,30,34,4,21,13,14,0,,0
2139,03/04/19,58,29,23,41,14,57,0,,0
2140,06/04/19,20,54,36,17,42,26,0,,0
2141,10/04/19,10,19,11,37,41,17,0,,0
2142,13/04/19,44,50,52,57,7,40,0,,0
2143,17/04/19,12,58,35,51,2,57,0,,0
2144,20/04/19,21,33,55,16,7,60,0,,0
2145,24/04/19,6,59,28,8,51,53,0,,0
2146,27/04/19,39,42,16,18,44,31,0,,0
2147,02/05/19,49,42,17,19,37,41,0,,0
2148,04/05/19,59,33,8,58,32,15,0,,0
2149,08/05/19,21,48,46,23,44,37,0,,0
2150,11/05/19,38,24,23,26,42,49,1,XX,289.420.865
2151,15/05/19,36,38,2,29,14,18,0,,0
2152,18/05/19,49,36,29,26,59,50,0,,0
2153,22/05/19,13,28,31,8,33,32,1,SP,11.825.289
2154,25/05/19,53,41,47,50,7,25,0,,0
2155,29/05/19,37,44,2,27,6,47,0,,0
2156,01/06/19,49,39,23,6,26,1,0,,0
2157,05/06/19,34,48,31,39,33,35,0,,0
2158,08/06/19,9,27,46,59,35,45,0,,0
2159,12/06/19,53,35,38,14,45,26,0,,0
2160,15/06/19,53,49,1,46,47,19,0,,0
2161,19/06/19,24,10,8,44,9,42,1,SP,124.209.628
2162,22/06/19,11,30,42,34,16,22,0,,0
2163,26/06/19,45,20,24,36,18,8,0,,0
2164,29/06/19,48,17,58,47,16,25,0,,0
2165,03/07/19,56,49,54,43,5,37,1,SP,35.218.398
2166,06/07/19,44,3,34,56,19,58,0,,0
2167,09/07/19,37,45,38,43,54,27,0,,0
2168,11/07/19,37,25,29,4,1,27,1,PR,8.177.021
2169,13/07/19,45,7,34,59,51,54,0,,0
2170,17/07/19,36,21,51,10,24,38,0,,0
2171,20/07/19,19,12,13,36,55,44,1,SP,21.978.571
2172,24/07/19,9,57,43,37,28,24,0,,0
2173,27/07/19,9,48,44,42,2,50,0,,0
2174,31/07/19,36,10,34,15,60,56,0,,0
2175,03/08/19,55,53,7,32,43,25,0,,0
2176,06/08/19,23,8,25,43,39,44,1,RJ,30.505.746
2177,08/08/19,14,9,48,11,31,51,0,,0
2178,10/08/19,16,21,42,2,50,56,0,,0
2179,14/08/19,24,2,35,54,50,13,0,,0
2180,17/08/19,16,12,10,21,28,38,0,,0
2181,21/08/19,8,1,19,48,36,33,0,,0
2182,24/08/19,59,47,46,19,39,22,0,,0
2183,28/08/19,51,13,43,30,34,26,0,,0
2184,31/08/19,51,15,52,36,59,45,0,,0
2185,04/09/19,19,42,18,47,22,9,0,,0
2186,09/09/19,27,19,12,41,18,46,0,,0
2187,11/09/19,16,21,50,10,46,11,0,,0
2188,14/09/19,60,51,21,28,2,17,0,,0
2189,18/09/19,33,29,11,4,16,22,1,DF,120.085.143
2190,21/09/19,53,35,25,9,5,20,0,,0
2191,24/09/19,33,46,26,4,53,8,1,MT,43.258.437
2192,26/09/19,57,53,7,59,16,37,0,,0
2193,28/09/19,8,7,42,27,29,22,1,PR,5.698.505
2194,02/10/19,16,8,20,21,34,31,0,,0
2195,05/10/19,24,32,38,53,46,14,0,,0
2196,09/10/19,56,28,27,1,41,25,0,,0
2197,14/10/19,29,11,3,35,44,57,0,,0
2198,16/10/19,56,11,34,44,36,1,1,CE,34.615.569
2199,19/10/19,38,23,30,44,35,15,0,,0
2200,22/10/19,28,55,36,43,11,15,0,,0
2201,24/10/19,13,49,3,41,53,23,0,,0
2202,26/10/19,43,60,37,38,29,11,0,,0
2203,30/10/19,34,46,57,50,17,49,0,,0
2204,04/11/19,32,56,29,28,1,35,0,,0
2205,06/11/19,21,42,12,57,37,28,1,SP,61.429.947
2206,09/11/19,42,38,45,6,27,57,0,,0
2207,13/11/19,43,11,6,55,53,10,0,,0
2208,16/11/19,30,45,16,49,25,40,0,,0
2209,20/11/19,32,22,47,28,33,25,0,,0
2210,23/11/19,11,33,34,25,24,17,0,,0
2211,27/11/19,27,44,36,54,41,40,0,,0
2212,30/11/19,51,58,53,52,26,23,0,,0
2213,04/12/19,7,5,10,60,32,46,1,RJ,51.119.263
2214,07/12/19,18,30,4,10,34,47,0,,0
2215,11/12/19,21,23,43,1,19,33,0,,0
2216,14/12/19,24,42,48,10,43,49,0,,0
2217,17/12/19,16,32,36,30,14,10,0,,0
2218,19/12/19,16,6,38,22,52,48,1,SP,40.059.665
2219,21/12/19,57,59,45,8,28,36,0,,0
2220,31/12/19,38,58,35,3,40,57,4,MT,76.053.459
2221,04/01/20,23,34,45,57,5,56,0,,0
2222,08/01/20,14,48,30,29,59,13,0,,0
2223,11/01/20,49,26,2,56,40,42,0,,0
2224,15/01/20,23,50,58,32,52,16,0,,0
2225,18/01/20,1,37,47,44,46,32,0,,0
2226,21/01/20,2,7,38,30,4,16,0,,0
2227,23/01/20,9,6,27,32,12,57,0,,0
2228,25/01/20,19,45,39,9,23,32,0,,0
2229,29/01/20,6,41,40,29,58,11,0,,0
2230,01/02/20,39,17,56,60,26,7,0,,0
2231,05/02/20,4,13,53,40,25,57,0,,0
2232,08/02/20,31,34,38,47,7,8,0,,0
2233,12/02/20,45,35,6,41,4,32,0,,0
2234,15/02/20,47,29,42,4,27,21,0,,0
2235,19/02/20,14,55,35,30,18,57,0,,0
2236,22/02/20,7,53,43,20,45,38,0,,0
2237,27/02/20,60,27,28,20,53,11,2,AC,105.826.358
2238,29/02/20,57,36,11,58,55,45,0,,0
2239,04/03/20,27,39,7,31,46,45,0,,0
2240,07/03/20,25,9,7,10,58,19,2,MG,27.894.020
2241,10/03/20,56,18,26,13,1,40,0,,0
2242,12/03/20,24,42,18,5,25,9,0,,0
2243,14/03/20,14,38,28,18,35,54,0,,0
2244,18/03/20,11,5,42,3,34,37,1,XX,12.147.334
2245,21/03/20,33,11,14,34,15,18,1,GO,15.186.785
2246,25/03/20,9,33,46,24,27,5,0,,0
2247,28/03/20,42,53,47,1,44,48,0,,0
2248,01/04/20,20,9,42,29,30,15,1,XX,4.906.932
2249,04/04/20,4,49,9,31,47,53,0,,0
2250,08/04/20,39,52,27,57,58,33,0,,0
2251,11/04/20,58,22,26,15,54,5,0,,0
2252,15/04/20,46,50,1,17,37,30,0,,0
2253,18/04/20,32,39,55,33,52,31,0,,0
2254,22/04/20,47,4,24,44,56,9,0,,0
2255,25/04/20,20,15,57,49,39,41,0,,0
2256,29/04/20,9,37,30,10,54,47,0,,0
2257,02/05/20,18,30,21,31,34,51,0,,0
2258,05/05/20,26,7,1,23,14,5,0,,0
2259,07/05/20,54,56,58,20,27,41,0,,0
2260,09/05/20,37,12,14,34,35,47,0,,0
2261,13/05/20,23,26,51,27,29,7,0,,0
2262,16/05/20,7,30,46,23,8,14,1,PR,101.195.308
2263,20/05/20,43,49,57,33,9,24,0,,0
2264,23/05/20,29,19,8,2,37,3,0,,0
2265,27/05/20,50,20,46,23,14,39,0,,0
2266,30/05/20,23,37,59,10,58,31,0,,0
2267,03/06/20,48,49,53,20,32,33,1,XX,45.553.191
2268,06/06/20,4,30,52,23,13,28,0,,0
2269,10/06/20,55,14,23,29,11,1,0,,0
2270,13/06/20,41,16,48,14,38,39,0,,0
2271,17/06/20,6,10,41,52,27,28,0,,0
2272,20/06/20,5,41,11,49,24,2,0,,0
2273,24/06/20,58,15,20,16,38,40,1,DF,43.269.740
2274,27/06/20,8,55,40,11,33,17,0,,0
2275,01/07/20,25,50,2,53,4,36,0,,0
2276,04/07/20,49,27,5,18,57,15,0,,0
2277,08/07/20,23,10,53,60,22,37,0,,0
2278,11/07/20,34,17,37,43,8,45,0,,0
2279,14/07/20,28,12,20,5,27,14,1,SP,43.234.926
2280,16/07/20,50,28,58,29,59,31,0,,0
2281,18/07/20,35,40,14,55,50,27,0,,0
2282,22/07/20,30,52,12,27,36,45,1,SP,28.456.665
2283,25/07/20,24,4,37,43,59,60,0,,0
2284,29/07/20,46,36,12,10,4,14,0,,0
2285,01/08/20,12,10,33,7,42,1,2,DF,11.323.343
,,,,,,,,,SP,
2286,05/08/20,42,43,41,9,21,30,0,,0
2287,08/08/20,29,4,2,41,6,56,0,,0
2288,11/08/20,35,39,2,26,56,40,0,,0
2289,13/08/20,6,34,37,38,45,9,0,,0
2290,15/08/20,60,36,5,57,44,18,0,,0
2291,19/08/20,37,31,26,12,36,49,0,,0
2292,22/08/20,18,57,6,33,42,16,0,,0
2293,26/08/20,1,48,42,10,2,37,0,,0
2294,29/08/20,9,43,20,41,33,15,0,,0
2295,02/09/20,28,6,41,26,35,13,0,,0
2296,05/09/20,29,6,36,59,21,1,2,SP,47.160.446
2297,09/09/20,20,22,41,59,35,40,0,,0
2298,12/09/20,13,21,49,41,17,31,0,,0
2299,15/09/20,3,40,19,60,2,44,0,,0
2300,17/09/20,37,39,21,9,54,43,0,,0
2301,19/09/20,18,36,47,52,35,17,0,,0
2302,23/09/20,44,43,25,18,27,22,0,,0
2303,26/09/20,17,50,48,20,3,7,0,,0
2304,30/09/20,12,54,57,21,29,56,0,,0
2305,03/10/20,57,55,38,7,16,22,0,,0
2306,07/10/20,28,58,19,3,57,33,1,PE,103.029.826
2307,10/10/20,38,53,46,55,33,16,0,,0
2308,14/10/20,26,9,58,38,60,13,1,SP,6.648.106
2309,17/10/20,33,60,11,29,9,30,0,,0
2310,20/10/20,13,42,17,28,53,29,0,,0
2311,22/10/20,60,9,35,43,5,3,0,,0
2312,24/10/20,60,39,3,46,47,27,0,,0
2313,28/10/20,45,3,58,26,20,49,0,,0
2314,31/10/20,28,6,7,42,45,49,1,XX,53.047.796
2315,04/11/20,10,17,1,26,30,53,0,,0
2316,07/11/20,49,11,56,43,52,2,0,,0
2317,11/11/20,35,48,30,33,3,8,0,,0
2318,14/11/20,54,58,52,28,44,60,0,,0
2319,18/11/20,17,25,6,35,49,40,0,,0
2320,21/11/20,30,6,35,48,39,42,1,SP,76.128.023
2321,25/11/20,41,43,25,28,14,46,1,AL,3.036.906
2322,28/11/20,5,10,2,29,34,41,0,,0
2323,02/12/20,35,27,39,20,50,59,0,,0
2324,05/12/20,31,2,43,19,60,16,0,,0
2325,08/12/20,33,37,60,34,46,52,0,,0
2326,10/12/20,27,36,34,16,57,10,0,,0
2327,12/12/20,54,45,30,57,37,58,0,,0
2328,16/12/20,11,8,39,14,48,53,0,,0
2329,19/12/20,42,28,45,14,12,55,2,PB,26.798.752
2330,31/12/20,22,35,17,41,20,42,2,SE,162.625.108

